253340,1329,20778810
211466,70,741325
224597,68,613669
225319,73,1046587
230637,72,982643
244194,66,516799
315573,44,57196
295160,61,330771
434586,50,109468
215447,71,882465
333043,56,187155
307673,66,510412
130216,99,13037079
306767,51,118861
290879,51,112843
297910,62,339776
270824,41,42686
229952,70,763476
326935,51,115218
266863,48,83017
315790,32,16633
246568,47,82407
324627,35,23757
262596,45,64567
-1,-1
-1,-1
-1,-1
-1,-1
-1,-1
-1,-1
-1,-1
-1,-1
-1,-1
-1,-1
235159,1
-1,-1
-1,-1
-1,-1
-1,-1
-1,-1
185332,14
-1,-1
-1,-1
-1,-1
-1,-1
-1,-1
-1,-1
-1,-1
-1,-1
-1,-1
-1,-1
-1,-1
-1,-1
-1,-1
-1,-1
-1,-1
-1,-1
-1,-1
-1,-1
-1,-1
-1,-1
-1,-1
-1,-1
-1,-1
-1,-1
-1,-1
-1,-1
-1,-1
-1,-1
-1,-1
-1,-1
-1,-1
-1,-1
-1,-1
-1,-1
-1,-1
-1,-1
-1,-1
-1,-1
-1,-1
-1,-1
-1,-1
-1,-1
-1,-1
75631,7
-1,-1
-1,-1
-1,-1
131885,50
-1,-1
-1,-1
-1,-1
-1,-1
-1,-1
-1,-1
-1,-1
-1,-1
-1,-1
-1,-1
-1,-1
-1,-1
-1,-1
-1,-1
-1,-1
-1,-1
-1,-1
104935,538
-1,-1
-1,-1
-1,-1
