298379,1330,20778810
254860,70,741325
269007,68,613669
271218,73,1046587
276675,72,982643
286411,66,516799
367549,44,57196
344678,61,330771
490916,50,109468
253584,71,882465
380185,56,187155
348670,66,510412
142228,99,13037079
355384,51,118861
339853,51,112843
349356,62,339776
313744,41,42686
267839,70,763476
383545,51,115218
309322,48,83017
367972,32,16633
291958,47,82407
375993,35,23757
305906,45,64567
-1,1,0
-1,-1
-1,-1
-1,-1
-1,-1
-1,-1
-1,-1
-1,-1
-1,-1
-1,-1
-1,-1
-1,-1
265642,1
-1,-1
-1,-1
-1,-1
-1,-1
-1,-1
230193,14
-1,-1
-1,-1
-1,-1
-1,-1
-1,-1
-1,-1
-1,-1
-1,-1
-1,0
-1,-1
-1,-1
-1,-1
-1,-1
-1,-1
-1,-1
-1,-1
-1,-1
-1,-1
-1,-1
-1,-1
-1,-1
-1,-1
-1,-1
-1,-1
-1,-1
-1,-1
-1,-1
-1,-1
-1,-1
-1,-1
-1,-1
-1,-1
-1,-1
-1,-1
-1,-1
-1,-1
-1,-1
-1,-1
-1,-1
-1,-1
-1,-1
-1,-1
-1,-1
-1,-1
103665,7
-1,-1
-1,-1
-1,-1
-1,-1
166152,50
-1,-1
-1,-1
-1,-1
-1,-1
-1,-1
-1,-1
-1,-1
-1,-1
-1,-1
-1,-1
-1,-1
-1,-1
-1,-1
-1,-1
-1,-1
-1,-1
-1,-1
115139,538
-1,-1
-1,-1
-1,-1
