218650,1167,16862712
219561,60,277076
247932,48,84651
254385,56,192410
232386,60,283127
210521,60,274258
230161,44,57148
243051,59,248195
380743,45,66890
182033,69,691546
318752,46,69322
300439,57,218576
98686,99,13036619
230359,51,112021
211367,51,112399
329220,47,80685
201652,41,41603
167083,70,762946
250303,50,101511
279037,25,8000
232471,31,15582
171069,45,66021
408680,9,1000
197056,44,61126
-1,-1
-1,-1
-1,-1
-1,-1
-1,-1
-1,-1
-1,-1
-1,-1
-1,-1
-1,-1
-1,-1
-1,-1
-1,-1
-1,-1
-1,-1
-1,-1
100676,11
-1,-1
-1,-1
-1,-1
-1,-1
-1,-1
-1,-1
-1,-1
-1,-1
-1,-1
-1,-1
-1,-1
-1,-1
-1,-1
-1,-1
-1,-1
-1,-1
-1,-1
-1,-1
-1,-1
-1,-1
-1,-1
-1,-1
-1,-1
-1,-1
-1,-1
-1,-1
-1,-1
-1,-1
-1,-1
-1,-1
-1,-1
-1,-1
-1,-1
-1,-1
-1,-1
-1,-1
-1,-1
-1,-1
-1,-1
106511,17
-1,-1
-1,-1
-1,-1
-1,-1
-1,-1
-1,-1
-1,-1
-1,-1
-1,-1
-1,-1
-1,-1
-1,-1
-1,-1
-1,-1
-1,-1
78381,538
-1,-1
-1,-1
