219035,1210,18105829
228551,60,277096
187935,61,330551
186661,70,789202
206832,67,563188
219166,60,274258
239927,44,57171
253243,59,248273
394359,45,67890
188010,69,721904
277265,54,156203
313045,57,218576
103949,99,13036619
240770,51,113021
221642,51,112399
344906,47,80685
210362,41,41603
174975,70,762950
261638,50,101511
289738,25,8000
241495,32,16582
182864,45,66021
419051,9,1000
206466,44,61126
-1,-1
-1,-1
-1,-1
-1,-1
-1,-1
-1,-1
-1,-1
-1,-1
-1,-1
-1,-1
-1,-1
-1,-1
-1,-1
-1,-1
-1,-1
-1,-1
114444,11
-1,-1
-1,-1
-1,-1
-1,-1
-1,-1
-1,-1
-1,-1
-1,-1
-1,-1
-1,-1
-1,-1
-1,-1
-1,-1
-1,-1
-1,-1
-1,-1
-1,-1
-1,-1
-1,-1
-1,-1
-1,-1
-1,-1
-1,-1
-1,-1
-1,-1
-1,-1
-1,-1
-1,-1
-1,-1
-1,-1
-1,-1
-1,-1
-1,-1
-1,-1
-1,-1
-1,-1
-1,-1
-1,-1
-1,-1
119532,17
-1,-1
-1,-1
-1,-1
-1,-1
-1,-1
-1,-1
-1,-1
-1,-1
-1,-1
-1,-1
-1,-1
-1,-1
-1,-1
-1,-1
-1,-1
82680,538
-1,-1
-1,-1
