218626,1167,16862712
219541,60,277076
247910,48,84651
254366,56,192410
232367,60,283127
210489,60,274258
230139,44,57148
243022,59,248195
380697,45,66890
182010,69,691546
318721,46,69322
300401,57,218576
98672,99,13036619
230320,51,112021
211345,51,112399
329177,47,80685
201637,41,41603
167053,70,762946
250269,50,101511
279016,25,8000
232444,31,15582
171042,45,66021
408662,9,1000
197035,44,61126
-1,-1
-1,-1
-1,-1
-1,-1
-1,-1
-1,-1
-1,-1
-1,-1
-1,-1
-1,-1
-1,-1
-1,-1
-1,-1
-1,-1
-1,-1
-1,-1
100645,11
-1,-1
-1,-1
-1,-1
-1,-1
-1,-1
-1,-1
-1,-1
-1,-1
-1,-1
-1,-1
-1,-1
-1,-1
-1,-1
-1,-1
-1,-1
-1,-1
-1,-1
-1,-1
-1,-1
-1,-1
-1,-1
-1,-1
-1,-1
-1,-1
-1,-1
-1,-1
-1,-1
-1,-1
-1,-1
-1,-1
-1,-1
-1,-1
-1,-1
-1,-1
-1,-1
-1,-1
-1,-1
-1,-1
-1,-1
106465,17
-1,-1
-1,-1
-1,-1
-1,-1
-1,-1
-1,-1
-1,-1
-1,-1
-1,-1
-1,-1
-1,-1
-1,-1
-1,-1
-1,-1
-1,-1
78366,538
-1,-1
-1,-1
