221461,1210,18105829
231020,60,277096
190039,61,330551
188817,70,789202
209121,67,563188
221495,60,274258
242628,44,57171
255878,59,248273
398433,45,67890
190384,69,721904
280352,54,156203
316375,57,218576
105229,99,13036619
243491,51,113021
224178,51,112399
348658,47,80685
212589,41,41603
176842,70,762950
264550,50,101511
292523,25,8000
244197,32,16582
185711,45,66021
422053,9,1000
208931,44,61126
-1,-1
-1,-1
-1,-1
-1,-1
-1,-1
-1,-1
-1,-1
-1,-1
-1,-1
-1,-1
-1,-1
-1,-1
-1,-1
-1,-1
-1,-1
-1,-1
117729,11
-1,-1
-1,-1
-1,-1
-1,-1
-1,-1
-1,-1
-1,-1
-1,-1
-1,-1
-1,-1
-1,-1
-1,-1
-1,-1
-1,-1
-1,-1
-1,-1
-1,-1
-1,-1
-1,-1
-1,-1
-1,-1
-1,-1
-1,-1
-1,-1
-1,-1
-1,-1
-1,-1
-1,-1
-1,-1
-1,-1
-1,-1
-1,-1
-1,-1
-1,-1
-1,-1
-1,-1
-1,-1
-1,-1
-1,-1
-1,-1
122666,17
-1,-1
-1,-1
-1,-1
-1,-1
-1,-1
-1,-1
-1,-1
-1,-1
-1,-1
-1,-1
-1,-1
-1,-1
-1,-1
-1,-1
-1,-1
83734,538
-1,-1
-1,-1
