213772,1163,16793966
214207,60,277076
241945,48,84651
263983,53,140806
229769,59,265985
205301,60,274258
224203,44,57148
236906,59,248195
371965,45,66890
175732,69,691546
310514,46,69322
293086,57,218576
95393,99,13036619
224067,51,112021
205420,51,112399
320665,47,80685
196452,41,41603
161892,70,762946
243619,50,101511
272717,25,8000
226352,31,15582
163831,45,66021
403658,9,1000
191375,44,61126
-1,-1
-1,-1
-1,-1
-1,-1
-1,-1
-1,-1
-1,-1
-1,-1
-1,-1
-1,-1
-1,-1
-1,-1
-1,-1
-1,-1
-1,-1
92127,11
-1,-1
-1,-1
-1,-1
-1,-1
-1,-1
-1,-1
-1,-1
-1,-1
-1,-1
-1,-1
-1,-1
-1,-1
-1,-1
-1,-1
-1,-1
-1,-1
-1,-1
-1,-1
-1,-1
-1,-1
-1,-1
-1,-1
-1,-1
-1,-1
-1,-1
-1,-1
-1,-1
-1,-1
-1,-1
-1,-1
-1,-1
-1,-1
-1,-1
-1,-1
-1,-1
-1,-1
-1,-1
-1,-1
97983,17
-1,-1
-1,-1
-1,-1
-1,-1
-1,-1
-1,-1
-1,-1
-1,-1
-1,-1
-1,-1
-1,-1
-1,-1
75512,538
-1,-1
-1,-1
