211259,1329,20778810
175055,70,741325
185996,68,613669
186501,73,1046587
191384,72,982643
205435,66,516799
261290,44,57196
244983,61,330771
370882,50,109468
178581,71,882465
284551,56,187155
263568,66,510412
112063,99,13037079
255948,51,118861
240832,51,112843
243691,62,339776
226833,41,42686
189237,70,763476
269145,51,115218
224440,48,83017
262239,32,16633
195394,47,82407
271803,35,23757
221494,45,64567
-1,-1
-1,-1
-1,-1
-1,-1
-1,-1
-1,-1
-1,-1
-1,-1
-1,-1
-1,-1
202565,1
-1,-1
-1,-1
-1,-1
-1,-1
-1,-1
133016,14
-1,-1
-1,-1
-1,-1
-1,-1
-1,-1
-1,-1
-1,-1
-1,-1
-1,-1
-1,-1
-1,-1
-1,-1
-1,-1
-1,-1
-1,-1
-1,-1
-1,-1
-1,-1
-1,-1
-1,-1
-1,-1
-1,-1
-1,-1
-1,-1
-1,-1
-1,-1
-1,-1
-1,-1
-1,-1
-1,-1
-1,-1
-1,-1
-1,-1
-1,-1
-1,-1
-1,-1
-1,-1
-1,-1
-1,-1
38496,7
-1,-1
-1,-1
-1,-1
99909,50
-1,-1
-1,-1
-1,-1
-1,-1
-1,-1
-1,-1
-1,-1
-1,-1
-1,-1
-1,-1
-1,-1
-1,-1
-1,-1
-1,-1
-1,-1
90008,538
-1,-1
-1,-1
