287557,1330,20778810
244335,70,741325
258342,68,613669
260101,73,1046587
265506,72,982643
275930,66,516799
354092,44,57196
332960,61,330771
477377,50,109468
243799,71,882465
370162,56,187155
338820,66,510412
140251,99,13037079
344254,51,118861
327826,51,112843
337119,62,339776
303309,41,42686
259045,70,763476
371320,51,115218
298394,48,83017
356746,32,16633
282219,47,82407
364568,35,23757
295897,45,64567
-1,1,0
-1,-1
-1,-1
-1,-1
-1,-1
-1,-1
-1,-1
-1,-1
-1,-1
-1,-1
-1,-1
-1,-1
257664,1
-1,-1
-1,-1
-1,-1
-1,-1
-1,-1
220524,14
-1,-1
-1,-1
-1,-1
-1,-1
-1,-1
-1,-1
-1,-1
-1,-1
-1,-1
-1,-1
-1,-1
-1,-1
-1,-1
-1,-1
-1,-1
-1,-1
-1,-1
-1,-1
-1,-1
-1,-1
-1,-1
-1,-1
-1,-1
-1,-1
-1,-1
-1,-1
-1,-1
-1,-1
-1,-1
-1,-1
-1,-1
-1,-1
-1,-1
-1,-1
-1,-1
-1,-1
-1,-1
-1,-1
-1,-1
-1,-1
-1,-1
-1,-1
-1,-1
96535,7
-1,-1
-1,-1
-1,-1
-1,-1
158338,50
-1,-1
-1,-1
-1,-1
-1,-1
-1,-1
-1,-1
-1,-1
-1,-1
-1,-1
-1,-1
-1,-1
-1,-1
-1,-1
-1,-1
-1,-1
-1,-1
-1,-1
114378,538
-1,-1
-1,-1
-1,-1
