291253,1330,20778810
247992,70,741325
262024,68,613669
263863,73,1046587
269329,72,982643
279524,66,516799
359169,44,57196
337128,61,330771
482238,50,109468
247179,71,882465
373633,56,187155
342250,66,510412
140899,99,13037079
348124,51,118861
332073,51,112843
341362,62,339776
307020,41,42686
262099,70,763476
375543,51,115218
302321,48,83017
360744,32,16633
285693,47,82407
368546,35,23757
299389,45,64567
-1,1,0
-1,-1
-1,-1
-1,-1
-1,-1
-1,-1
-1,-1
-1,-1
-1,-1
-1,-1
-1,-1
-1,-1
260513,1
-1,-1
-1,-1
-1,-1
-1,-1
-1,-1
223977,14
-1,-1
-1,-1
-1,-1
-1,-1
-1,-1
-1,-1
-1,-1
-1,-1
-1,0
-1,-1
-1,-1
-1,-1
-1,-1
-1,-1
-1,-1
-1,-1
-1,-1
-1,-1
-1,-1
-1,-1
-1,-1
-1,-1
-1,-1
-1,-1
-1,-1
-1,-1
-1,-1
-1,-1
-1,-1
-1,-1
-1,-1
-1,-1
-1,-1
-1,-1
-1,-1
-1,-1
-1,-1
-1,-1
-1,-1
-1,-1
-1,-1
-1,-1
-1,-1
-1,-1
99111,7
-1,-1
-1,-1
-1,-1
-1,-1
161126,50
-1,-1
-1,-1
-1,-1
-1,-1
-1,-1
-1,-1
-1,-1
-1,-1
-1,-1
-1,-1
-1,-1
-1,-1
-1,-1
-1,-1
-1,-1
-1,-1
-1,-1
114562,538
-1,-1
-1,-1
-1,-1
