232132,1329,20778810
192556,70,741325
204266,68,613669
205187,73,1046587
210431,72,982643
224394,66,516799
287351,44,57196
269644,61,330771
401296,50,109468
197670,71,882465
308596,56,187155
285589,66,510412
121457,99,13037079
280439,51,118861
265187,51,112843
270702,62,339776
248292,41,42686
209364,70,763476
295787,51,115218
245449,48,83017
286687,32,16633
220306,47,82407
296239,35,23757
242024,45,64567
-1,-1
-1,-1
-1,-1
-1,-1
-1,-1
-1,-1
-1,-1
-1,-1
-1,-1
-1,-1
218667,1
-1,-1
-1,-1
-1,-1
-1,-1
-1,-1
158882,14
-1,-1
-1,-1
-1,-1
-1,-1
-1,-1
-1,-1
-1,-1
-1,-1
-1,-1
-1,-1
-1,-1
-1,-1
-1,-1
-1,-1
-1,-1
-1,-1
-1,-1
-1,-1
-1,-1
-1,-1
-1,-1
-1,-1
-1,-1
-1,-1
-1,-1
-1,-1
-1,-1
-1,-1
-1,-1
-1,-1
-1,-1
-1,-1
-1,-1
-1,-1
-1,-1
-1,-1
-1,-1
-1,-1
-1,-1
-1,-1
-1,-1
-1,-1
56705,7
-1,-1
-1,-1
-1,-1
114423,50
-1,-1
-1,-1
-1,-1
-1,-1
-1,-1
-1,-1
-1,-1
-1,-1
-1,-1
-1,-1
-1,-1
-1,-1
-1,-1
-1,-1
-1,-1
-1,-1
97410,538
-1,-1
-1,-1
