733215,182,226836
1358588,1,12
1618396,1,0
1226920,1,8
1311245,10,1156
1559425,1,12
1619846,1,0
1602055,1,5
1612835,1,70
416588,50,103765
1618086,1,0
616611,24,7070
432825,50,101350
1618480,1,0
1606782,1,18
492484,30,13370
1617244,1,0
1617814,1,0
1618621,1,0
1617288,1,0
1617108,1,0
1617091,1,0
1617189,1,0
1617536,1,0
-1,-1
-1,-1
-1,-1
-1,-1
-1,-1
-1,-1
-1,-1
-1,-1
-1,-1
-1,-1
-1,-1
-1,-1
-1,-1
-1,-1
-1,-1
-1,-1
-1,-1
-1,-1
-1,-1
-1,-1
-1,-1
-1,-1
-1,-1
-1,-1
-1,-1
-1,-1
-1,-1
-1,-1
-1,-1
-1,-1
-1,-1
-1,-1
-1,-1
-1,-1
-1,-1
-1,-1
-1,-1
-1,-1
-1,-1
-1,-1
-1,-1
-1,-1
-1,-1
-1,-1
-1,-1
-1,-1
-1,-1
-1,-1
-1,-1
-1,-1
-1,-1
-1,-1
-1,-1
-1,-1
-1,-1
-1,-1
-1,-1
-1,-1
-1,-1
-1,-1
-1,-1
-1,-1
-1,-1
-1,-1
-1,-1
-1,-1
-1,-1
-1,-1
-1,-1
-1,-1
