224121,1210,18105829
233775,60,277096
192238,61,330551
191131,70,789202
211516,67,563188
224023,60,274258
245634,44,57171
258860,59,248273
402919,45,67890
193017,69,721904
283676,54,156203
319872,57,218576
106585,99,13036619
246419,51,113021
227195,51,112399
353024,47,80685
215044,41,41603
178825,70,762950
267856,50,101511
295940,25,8000
247108,32,16582
188812,45,66021
425453,9,1000
211580,44,61126
-1,-1
-1,-1
-1,-1
-1,-1
-1,-1
-1,-1
-1,-1
-1,-1
-1,-1
-1,-1
-1,-1
-1,-1
-1,-1
-1,-1
-1,-1
-1,-1
121201,11
-1,-1
-1,-1
-1,-1
-1,-1
-1,-1
-1,-1
-1,-1
-1,-1
-1,-1
-1,-1
-1,-1
-1,-1
-1,-1
-1,-1
-1,-1
-1,-1
-1,-1
-1,-1
-1,-1
-1,-1
-1,-1
-1,-1
-1,-1
-1,-1
-1,-1
-1,-1
-1,-1
-1,-1
-1,-1
-1,-1
-1,-1
-1,-1
-1,-1
-1,-1
-1,-1
-1,-1
-1,-1
-1,-1
-1,-1
-1,-1
125785,17
-1,-1
-1,-1
-1,-1
-1,-1
-1,-1
-1,-1
-1,-1
-1,-1
-1,-1
-1,-1
-1,-1
-1,-1
-1,-1
-1,-1
-1,-1
84864,538
-1,-1
-1,-1
