295261,1330,20778810
251846,70,741325
265995,68,613669
268032,73,1046587
273542,72,982643
283442,66,516799
364046,44,57196
341422,61,330771
487214,50,109468
250795,71,882465
377330,56,187155
345866,66,510412
141625,99,13037079
352273,51,118861
336504,51,112843
345814,62,339776
310918,41,42686
265370,70,763476
380069,51,115218
306453,48,83017
364966,32,16633
289316,47,82407
372926,35,23757
303164,45,64567
-1,1,0
-1,-1
-1,-1
-1,-1
-1,-1
-1,-1
-1,-1
-1,-1
-1,-1
-1,-1
-1,-1
-1,-1
263494,1
-1,-1
-1,-1
-1,-1
-1,-1
-1,-1
227611,14
-1,-1
-1,-1
-1,-1
-1,-1
-1,-1
-1,-1
-1,-1
-1,-1
-1,0
-1,-1
-1,-1
-1,-1
-1,-1
-1,-1
-1,-1
-1,-1
-1,-1
-1,-1
-1,-1
-1,-1
-1,-1
-1,-1
-1,-1
-1,-1
-1,-1
-1,-1
-1,-1
-1,-1
-1,-1
-1,-1
-1,-1
-1,-1
-1,-1
-1,-1
-1,-1
-1,-1
-1,-1
-1,-1
-1,-1
-1,-1
-1,-1
-1,-1
-1,-1
-1,-1
101820,7
-1,-1
-1,-1
-1,-1
-1,-1
164009,50
-1,-1
-1,-1
-1,-1
-1,-1
-1,-1
-1,-1
-1,-1
-1,-1
-1,-1
-1,-1
-1,-1
-1,-1
-1,-1
-1,-1
-1,-1
-1,-1
-1,-1
114837,538
-1,-1
-1,-1
-1,-1
