253358,1329,20778810
211490,70,741325
224616,68,613669
225354,73,1046587
230673,72,982643
244216,66,516799
315608,44,57196
295185,61,330771
434622,50,109468
215459,71,882465
333069,56,187155
307701,66,510412
130225,99,13037079
306784,51,118861
290902,51,112843
297929,62,339776
270842,41,42686
229961,70,763476
326960,51,115218
266880,48,83017
315823,32,16633
246610,47,82407
324669,35,23757
262614,45,64567
-1,-1
-1,-1
-1,-1
-1,-1
-1,-1
-1,-1
-1,-1
-1,-1
-1,-1
-1,-1
235166,1
-1,-1
-1,-1
-1,-1
-1,-1
-1,-1
185367,14
-1,-1
-1,-1
-1,-1
-1,-1
-1,-1
-1,-1
-1,-1
-1,-1
-1,-1
-1,-1
-1,-1
-1,-1
-1,-1
-1,-1
-1,-1
-1,-1
-1,-1
-1,-1
-1,-1
-1,-1
-1,-1
-1,-1
-1,-1
-1,-1
-1,-1
-1,-1
-1,-1
-1,-1
-1,-1
-1,-1
-1,-1
-1,-1
-1,-1
-1,-1
-1,-1
-1,-1
-1,-1
-1,-1
-1,-1
-1,-1
-1,-1
-1,-1
-1,-1
75652,7
-1,-1
-1,-1
-1,-1
131908,50
-1,-1
-1,-1
-1,-1
-1,-1
-1,-1
-1,-1
-1,-1
-1,-1
-1,-1
-1,-1
-1,-1
-1,-1
-1,-1
-1,-1
-1,-1
-1,-1
-1,-1
104947,538
-1,-1
-1,-1
-1,-1
