224124,1167,16862712
224646,60,277076
253506,48,84651
259972,56,192410
237684,60,283127
215386,60,274258
235655,44,57148
248812,59,248195
389000,45,66890
187305,69,691546
326447,46,69322
307494,57,218576
101686,99,13036619
237366,51,112021
217217,51,112399
338626,47,80685
206572,41,41603
171574,70,762946
256696,50,101511
285133,25,8000
238422,31,15582
178033,45,66021
414234,9,1000
202355,44,61126
-1,-1
-1,-1
-1,-1
-1,-1
-1,-1
-1,-1
-1,-1
-1,-1
-1,-1
-1,-1
-1,-1
-1,-1
-1,-1
-1,-1
-1,-1
-1,-1
108794,11
-1,-1
-1,-1
-1,-1
-1,-1
-1,-1
-1,-1
-1,-1
-1,-1
-1,-1
-1,-1
-1,-1
-1,-1
-1,-1
-1,-1
-1,-1
-1,-1
-1,-1
-1,-1
-1,-1
-1,-1
-1,-1
-1,-1
-1,-1
-1,-1
-1,-1
-1,-1
-1,-1
-1,-1
-1,-1
-1,-1
-1,-1
-1,-1
-1,-1
-1,-1
-1,-1
-1,-1
-1,-1
-1,-1
-1,-1
113962,17
-1,-1
-1,-1
-1,-1
-1,-1
-1,-1
-1,-1
-1,-1
-1,-1
-1,-1
-1,-1
-1,-1
-1,-1
-1,-1
-1,-1
-1,-1
80843,538
-1,-1
-1,-1
