244466,1329,20778810
203461,70,741325
215614,68,613669
216562,73,1046587
221987,72,982643
235649,66,516799
303207,44,57196
284400,61,330771
419385,50,109468
208314,71,882465
322168,56,187155
298374,66,510412
126720,99,13037079
295586,51,118861
280385,51,112843
286930,62,339776
261431,41,42686
221481,70,763476
312988,51,115218
257998,48,83017
302970,32,16633
234821,47,82407
312388,35,23757
254164,45,64567
-1,-1
-1,-1
-1,-1
-1,-1
-1,-1
-1,-1
-1,-1
-1,-1
-1,-1
-1,-1
228445,1
-1,-1
-1,-1
-1,-1
-1,-1
-1,-1
173469,14
-1,-1
-1,-1
-1,-1
-1,-1
-1,-1
-1,-1
-1,-1
-1,-1
-1,-1
-1,-1
-1,-1
-1,-1
-1,-1
-1,-1
-1,-1
-1,-1
-1,-1
-1,-1
-1,-1
-1,-1
-1,-1
-1,-1
-1,-1
-1,-1
-1,-1
-1,-1
-1,-1
-1,-1
-1,-1
-1,-1
-1,-1
-1,-1
-1,-1
-1,-1
-1,-1
-1,-1
-1,-1
-1,-1
-1,-1
-1,-1
-1,-1
-1,-1
67607,7
-1,-1
-1,-1
-1,-1
124097,50
-1,-1
-1,-1
-1,-1
-1,-1
-1,-1
-1,-1
-1,-1
-1,-1
-1,-1
-1,-1
-1,-1
-1,-1
-1,-1
-1,-1
-1,-1
-1,-1
-1,-1
101613,538
-1,-1
-1,-1
-1,-1
