298479,1330,20778810
254983,70,741325
269113,68,613669
271339,73,1046587
276790,72,982643
286523,66,516799
367688,44,57196
344820,61,330771
491083,50,109468
253695,71,882465
380298,56,187155
348772,66,510412
142260,99,13037079
355500,51,118861
339993,51,112843
349481,62,339776
313859,41,42686
267939,70,763476
383695,51,115218
309434,48,83017
368092,32,16633
292059,47,82407
376122,35,23757
306014,45,64567
-1,1,0
-1,-1
-1,-1
-1,-1
-1,-1
-1,-1
-1,-1
-1,-1
-1,-1
-1,-1
-1,-1
-1,-1
265698,1
-1,-1
-1,-1
-1,-1
-1,-1
-1,-1
230296,14
-1,-1
-1,-1
-1,-1
-1,-1
-1,-1
-1,-1
-1,-1
-1,-1
-1,0
-1,-1
-1,-1
-1,-1
-1,-1
-1,-1
-1,-1
-1,-1
-1,-1
-1,-1
-1,-1
-1,-1
-1,-1
-1,-1
-1,-1
-1,-1
-1,-1
-1,-1
-1,-1
-1,-1
-1,-1
-1,-1
-1,-1
-1,-1
-1,-1
-1,-1
-1,-1
-1,-1
-1,-1
-1,-1
-1,-1
-1,-1
-1,-1
-1,-1
-1,-1
-1,-1
103729,7
-1,-1
-1,-1
-1,-1
-1,-1
166247,50
-1,-1
-1,-1
-1,-1
-1,-1
-1,-1
-1,-1
-1,-1
-1,-1
-1,-1
-1,-1
-1,-1
-1,-1
-1,-1
-1,-1
-1,-1
-1,-1
-1,-1
115160,538
-1,-1
-1,-1
-1,-1
