295456,1330,20778810
252013,70,741325
266184,68,613669
268192,73,1046587
273723,72,982643
283607,66,516799
364225,44,57196
341595,61,330771
487428,50,109468
250965,71,882465
377500,56,187155
346025,66,510412
141653,99,13037079
352451,51,118861
336689,51,112843
346006,62,339776
311063,41,42686
265509,70,763476
380280,51,115218
306602,48,83017
365133,32,16633
289458,47,82407
373107,35,23757
303321,45,64567
-1,1,0
-1,-1
-1,-1
-1,-1
-1,-1
-1,-1
-1,-1
-1,-1
-1,-1
-1,-1
-1,-1
-1,-1
263611,1
-1,-1
-1,-1
-1,-1
-1,-1
-1,-1
227758,14
-1,-1
-1,-1
-1,-1
-1,-1
-1,-1
-1,-1
-1,-1
-1,-1
-1,0
-1,-1
-1,-1
-1,-1
-1,-1
-1,-1
-1,-1
-1,-1
-1,-1
-1,-1
-1,-1
-1,-1
-1,-1
-1,-1
-1,-1
-1,-1
-1,-1
-1,-1
-1,-1
-1,-1
-1,-1
-1,-1
-1,-1
-1,-1
-1,-1
-1,-1
-1,-1
-1,-1
-1,-1
-1,-1
-1,-1
-1,-1
-1,-1
-1,-1
-1,-1
-1,-1
101947,7
-1,-1
-1,-1
-1,-1
-1,-1
164132,50
-1,-1
-1,-1
-1,-1
-1,-1
-1,-1
-1,-1
-1,-1
-1,-1
-1,-1
-1,-1
-1,-1
-1,-1
-1,-1
-1,-1
-1,-1
-1,-1
-1,-1
114846,538
-1,-1
-1,-1
-1,-1
