201983,1329,20778810
167211,70,741325
177768,68,613669
178346,73,1046587
183054,72,982643
196908,66,516799
249874,44,57196
234406,61,330771
357796,50,109468
170283,71,882465
272840,56,187155
253943,66,510412
107332,99,13037079
245435,51,118861
230437,51,112843
231546,62,339776
217224,41,42686
181209,70,763476
257453,51,115218
214990,48,83017
251073,32,16633
184599,47,82407
260394,35,23757
211908,45,64567
-1,-1
-1,-1
-1,-1
-1,-1
-1,-1
-1,-1
-1,-1
-1,-1
-1,-1
-1,-1
196258,1
-1,-1
-1,-1
-1,-1
-1,-1
-1,-1
121795,14
-1,-1
-1,-1
-1,-1
-1,-1
-1,-1
-1,-1
-1,-1
-1,-1
-1,-1
-1,-1
-1,-1
-1,-1
-1,-1
-1,-1
-1,-1
-1,-1
-1,-1
-1,-1
-1,-1
-1,-1
-1,-1
-1,-1
-1,-1
-1,-1
-1,-1
-1,-1
-1,-1
-1,-1
-1,-1
-1,-1
-1,-1
-1,-1
-1,-1
-1,-1
-1,-1
-1,-1
-1,-1
-1,-1
-1,-1
28464,7
-1,-1
-1,-1
-1,-1
93385,50
-1,-1
-1,-1
-1,-1
-1,-1
-1,-1
-1,-1
-1,-1
-1,-1
-1,-1
-1,-1
-1,-1
-1,-1
-1,-1
-1,-1
-1,-1
86242,538
-1,-1
-1,-1
