202018,1329,20778810
167243,70,741325
177790,68,613669
178377,73,1046587
183088,72,982643
196942,66,516799
249915,44,57196
234445,61,330771
357844,50,109468
170304,71,882465
272886,56,187155
253982,66,510412
107349,99,13037079
245485,51,118861
230479,51,112843
231606,62,339776
217267,41,42686
181232,70,763476
257494,51,115218
215045,48,83017
251116,32,16633
184645,47,82407
260439,35,23757
211948,45,64567
-1,-1
-1,-1
-1,-1
-1,-1
-1,-1
-1,-1
-1,-1
-1,-1
-1,-1
-1,-1
196277,1
-1,-1
-1,-1
-1,-1
-1,-1
-1,-1
121830,14
-1,-1
-1,-1
-1,-1
-1,-1
-1,-1
-1,-1
-1,-1
-1,-1
-1,-1
-1,-1
-1,-1
-1,-1
-1,-1
-1,-1
-1,-1
-1,-1
-1,-1
-1,-1
-1,-1
-1,-1
-1,-1
-1,-1
-1,-1
-1,-1
-1,-1
-1,-1
-1,-1
-1,-1
-1,-1
-1,-1
-1,-1
-1,-1
-1,-1
-1,-1
-1,-1
-1,-1
-1,-1
-1,-1
-1,-1
28500,7
-1,-1
-1,-1
-1,-1
93415,50
-1,-1
-1,-1
-1,-1
-1,-1
-1,-1
-1,-1
-1,-1
-1,-1
-1,-1
-1,-1
-1,-1
-1,-1
-1,-1
-1,-1
-1,-1
86256,538
-1,-1
-1,-1
