229783,1329,20778810
190512,70,741325
202268,68,613669
203049,73,1046587
208212,72,982643
222210,66,516799
284311,44,57196
266799,61,330771
397758,50,109468
195468,71,882465
306047,56,187155
282981,66,510412
120529,99,13037079
277679,51,118861
262441,51,112843
267537,62,339776
245823,41,42686
207165,70,763476
292638,51,115218
243014,48,83017
283789,32,16633
217369,47,82407
293384,35,23757
239679,45,64567
-1,-1
-1,-1
-1,-1
-1,-1
-1,-1
-1,-1
-1,-1
-1,-1
-1,-1
-1,-1
216732,1
-1,-1
-1,-1
-1,-1
-1,-1
-1,-1
155852,14
-1,-1
-1,-1
-1,-1
-1,-1
-1,-1
-1,-1
-1,-1
-1,-1
-1,-1
-1,-1
-1,-1
-1,-1
-1,-1
-1,-1
-1,-1
-1,-1
-1,-1
-1,-1
-1,-1
-1,-1
-1,-1
-1,-1
-1,-1
-1,-1
-1,-1
-1,-1
-1,-1
-1,-1
-1,-1
-1,-1
-1,-1
-1,-1
-1,-1
-1,-1
-1,-1
-1,-1
-1,-1
-1,-1
-1,-1
-1,-1
-1,-1
54740,7
-1,-1
-1,-1
-1,-1
112743,50
-1,-1
-1,-1
-1,-1
-1,-1
-1,-1
-1,-1
-1,-1
-1,-1
-1,-1
-1,-1
-1,-1
-1,-1
-1,-1
-1,-1
-1,-1
-1,-1
96696,538
-1,-1
-1,-1
