218711,1167,16862712
219623,60,277076
247986,48,84651
254442,56,192410
232447,60,283127
210572,60,274258
230222,44,57148
243123,59,248195
380828,45,66890
182070,69,691546
318835,46,69322
300533,57,218576
98741,99,13036619
230439,51,112021
211433,51,112399
329318,47,80685
201705,41,41603
167134,70,762946
250381,50,101511
279107,25,8000
232536,31,15582
171143,45,66021
408745,9,1000
197107,44,61126
-1,-1
-1,-1
-1,-1
-1,-1
-1,-1
-1,-1
-1,-1
-1,-1
-1,-1
-1,-1
-1,-1
-1,-1
-1,-1
-1,-1
-1,-1
-1,-1
100780,11
-1,-1
-1,-1
-1,-1
-1,-1
-1,-1
-1,-1
-1,-1
-1,-1
-1,-1
-1,-1
-1,-1
-1,-1
-1,-1
-1,-1
-1,-1
-1,-1
-1,-1
-1,-1
-1,-1
-1,-1
-1,-1
-1,-1
-1,-1
-1,-1
-1,-1
-1,-1
-1,-1
-1,-1
-1,-1
-1,-1
-1,-1
-1,-1
-1,-1
-1,-1
-1,-1
-1,-1
-1,-1
-1,-1
-1,-1
106589,17
-1,-1
-1,-1
-1,-1
-1,-1
-1,-1
-1,-1
-1,-1
-1,-1
-1,-1
-1,-1
-1,-1
-1,-1
-1,-1
-1,-1
-1,-1
78414,538
-1,-1
-1,-1
