237837,1329,20778810
197568,70,741325
209505,68,613669
210583,73,1046587
215812,72,982643
229733,66,516799
294847,44,57196
276537,61,330771
409695,50,109468
202768,71,882465
314943,56,187155
291562,66,510412
123993,99,13037079
287363,51,118861
272252,51,112843
278136,62,339776
254444,41,42686
214865,70,763476
303741,51,115218
251285,48,83017
294066,32,16633
227082,47,82407
303692,35,23757
247703,45,64567
-1,-1
-1,-1
-1,-1
-1,-1
-1,-1
-1,-1
-1,-1
-1,-1
-1,-1
-1,-1
223299,1
-1,-1
-1,-1
-1,-1
-1,-1
-1,-1
165657,14
-1,-1
-1,-1
-1,-1
-1,-1
-1,-1
-1,-1
-1,-1
-1,-1
-1,-1
-1,-1
-1,-1
-1,-1
-1,-1
-1,-1
-1,-1
-1,-1
-1,-1
-1,-1
-1,-1
-1,-1
-1,-1
-1,-1
-1,-1
-1,-1
-1,-1
-1,-1
-1,-1
-1,-1
-1,-1
-1,-1
-1,-1
-1,-1
-1,-1
-1,-1
-1,-1
-1,-1
-1,-1
-1,-1
-1,-1
-1,-1
-1,-1
-1,-1
61922,7
-1,-1
-1,-1
-1,-1
118863,50
-1,-1
-1,-1
-1,-1
-1,-1
-1,-1
-1,-1
-1,-1
-1,-1
-1,-1
-1,-1
-1,-1
-1,-1
-1,-1
-1,-1
-1,-1
-1,-1
-1,-1
99357,538
-1,-1
-1,-1
