229776,1329,20778810
190510,70,741325
202266,68,613669
203046,73,1046587
208209,72,982643
222207,66,516799
284308,44,57196
266797,61,330771
397752,50,109468
195464,71,882465
306042,56,187155
282973,66,510412
120524,99,13037079
277673,51,118861
262435,51,112843
267533,62,339776
245820,41,42686
207160,70,763476
292637,51,115218
243013,48,83017
283780,32,16633
217367,47,82407
293379,35,23757
239675,45,64567
-1,-1
-1,-1
-1,-1
-1,-1
-1,-1
-1,-1
-1,-1
-1,-1
-1,-1
-1,-1
216731,1
-1,-1
-1,-1
-1,-1
-1,-1
-1,-1
155848,14
-1,-1
-1,-1
-1,-1
-1,-1
-1,-1
-1,-1
-1,-1
-1,-1
-1,-1
-1,-1
-1,-1
-1,-1
-1,-1
-1,-1
-1,-1
-1,-1
-1,-1
-1,-1
-1,-1
-1,-1
-1,-1
-1,-1
-1,-1
-1,-1
-1,-1
-1,-1
-1,-1
-1,-1
-1,-1
-1,-1
-1,-1
-1,-1
-1,-1
-1,-1
-1,-1
-1,-1
-1,-1
-1,-1
-1,-1
-1,-1
-1,-1
54736,7
-1,-1
-1,-1
-1,-1
112741,50
-1,-1
-1,-1
-1,-1
-1,-1
-1,-1
-1,-1
-1,-1
-1,-1
-1,-1
-1,-1
-1,-1
-1,-1
-1,-1
-1,-1
-1,-1
-1,-1
96696,538
-1,-1
-1,-1
