234790,1329,20778810
194874,70,741325
206758,68,613669
207785,73,1046587
212985,72,982643
226896,66,516799
290777,44,57196
272856,61,330771
405273,50,109468
200084,71,882465
311620,56,187155
288444,66,510412
122609,99,13037079
283662,51,118861
268473,51,112843
274170,62,339776
251168,41,42686
211791,70,763476
299440,51,115218
248220,48,83017
290074,32,16633
223446,47,82407
299504,35,23757
244684,45,64567
-1,-1
-1,-1
-1,-1
-1,-1
-1,-1
-1,-1
-1,-1
-1,-1
-1,-1
-1,-1
220872,1
-1,-1
-1,-1
-1,-1
-1,-1
-1,-1
162080,14
-1,-1
-1,-1
-1,-1
-1,-1
-1,-1
-1,-1
-1,-1
-1,-1
-1,-1
-1,-1
-1,-1
-1,-1
-1,-1
-1,-1
-1,-1
-1,-1
-1,-1
-1,-1
-1,-1
-1,-1
-1,-1
-1,-1
-1,-1
-1,-1
-1,-1
-1,-1
-1,-1
-1,-1
-1,-1
-1,-1
-1,-1
-1,-1
-1,-1
-1,-1
-1,-1
-1,-1
-1,-1
-1,-1
-1,-1
-1,-1
-1,-1
-1,-1
58975,7
-1,-1
-1,-1
-1,-1
116483,50
-1,-1
-1,-1
-1,-1
-1,-1
-1,-1
-1,-1
-1,-1
-1,-1
-1,-1
-1,-1
-1,-1
-1,-1
-1,-1
-1,-1
-1,-1
-1,-1
-1,-1
98293,538
-1,-1
-1,-1
