253632,1329,20778810
211777,70,741325
224903,68,613669
225719,73,1046587
231027,72,982643
244516,66,516799
315936,44,57196
295502,61,330771
435016,50,109468
215619,71,882465
333408,56,187155
307915,66,510412
130326,99,13037079
307071,51,118861
291169,51,112843
298211,62,339776
271052,41,42686
230139,70,763476
327311,51,115218
267096,48,83017
316176,32,16633
246980,47,82407
324988,35,23757
262836,45,64567
-1,-1
-1,-1
-1,-1
-1,-1
-1,-1
-1,-1
-1,-1
-1,-1
-1,-1
-1,-1
235311,1
-1,-1
-1,-1
-1,-1
-1,-1
-1,-1
185701,14
-1,-1
-1,-1
-1,-1
-1,-1
-1,-1
-1,-1
-1,-1
-1,-1
-1,-1
-1,-1
-1,-1
-1,-1
-1,-1
-1,-1
-1,-1
-1,-1
-1,-1
-1,-1
-1,-1
-1,-1
-1,-1
-1,-1
-1,-1
-1,-1
-1,-1
-1,-1
-1,-1
-1,-1
-1,-1
-1,-1
-1,-1
-1,-1
-1,-1
-1,-1
-1,-1
-1,-1
-1,-1
-1,-1
-1,-1
-1,-1
-1,-1
-1,-1
-1,-1
75832,7
-1,-1
-1,-1
-1,-1
132096,50
-1,-1
-1,-1
-1,-1
-1,-1
-1,-1
-1,-1
-1,-1
-1,-1
-1,-1
-1,-1
-1,-1
-1,-1
-1,-1
-1,-1
-1,-1
-1,-1
-1,-1
105023,538
-1,-1
-1,-1
-1,-1
