224196,1167,16862712
224707,60,277076
253585,48,84651
260044,56,192410
237748,60,283127
215439,60,274258
235739,44,57148
248898,59,248195
389129,45,66890
187399,69,691546
326553,46,69322
307599,57,218576
101728,99,13036619
237458,51,112021
217286,51,112399
338717,47,80685
206653,41,41603
171614,70,762946
256820,50,101511
285212,25,8000
238525,31,15582
178128,45,66021
414349,9,1000
202427,44,61126
-1,-1
-1,-1
-1,-1
-1,-1
-1,-1
-1,-1
-1,-1
-1,-1
-1,-1
-1,-1
-1,-1
-1,-1
-1,-1
-1,-1
-1,-1
-1,-1
108922,11
-1,-1
-1,-1
-1,-1
-1,-1
-1,-1
-1,-1
-1,-1
-1,-1
-1,-1
-1,-1
-1,-1
-1,-1
-1,-1
-1,-1
-1,-1
-1,-1
-1,-1
-1,-1
-1,-1
-1,-1
-1,-1
-1,-1
-1,-1
-1,-1
-1,-1
-1,-1
-1,-1
-1,-1
-1,-1
-1,-1
-1,-1
-1,-1
-1,-1
-1,-1
-1,-1
-1,-1
-1,-1
-1,-1
-1,-1
114075,17
-1,-1
-1,-1
-1,-1
-1,-1
-1,-1
-1,-1
-1,-1
-1,-1
-1,-1
-1,-1
-1,-1
-1,-1
-1,-1
-1,-1
-1,-1
80876,538
-1,-1
-1,-1
