226120,1168,16877169
226669,60,277076
255798,48,84651
260320,57,203262
239288,60,286732
217343,60,274258
237878,44,57148
251153,59,248195
392477,45,66890
189451,69,691546
329461,46,69322
310413,57,218576
102757,99,13036619
239677,51,112021
219465,51,112399
341915,47,80685
208525,41,41603
173268,70,762946
259243,50,101511
287449,25,8000
240779,31,15582
180589,45,66021
416734,9,1000
204460,44,61126
-1,-1
-1,-1
-1,-1
-1,-1
-1,-1
-1,-1
-1,-1
-1,-1
-1,-1
-1,-1
-1,-1
-1,-1
-1,-1
-1,-1
-1,-1
-1,-1
111854,11
-1,-1
-1,-1
-1,-1
-1,-1
-1,-1
-1,-1
-1,-1
-1,-1
-1,-1
-1,-1
-1,-1
-1,-1
-1,-1
-1,-1
-1,-1
-1,-1
-1,-1
-1,-1
-1,-1
-1,-1
-1,-1
-1,-1
-1,-1
-1,-1
-1,-1
-1,-1
-1,-1
-1,-1
-1,-1
-1,-1
-1,-1
-1,-1
-1,-1
-1,-1
-1,-1
-1,-1
-1,-1
-1,-1
-1,-1
117106,17
-1,-1
-1,-1
-1,-1
-1,-1
-1,-1
-1,-1
-1,-1
-1,-1
-1,-1
-1,-1
-1,-1
-1,-1
-1,-1
-1,-1
-1,-1
81742,538
-1,-1
-1,-1
