224199,1167,16862712
224714,60,277076
253588,48,84651
260045,56,192410
237751,60,283127
215447,60,274258
235742,44,57148
248903,59,248195
389127,45,66890
187403,69,691546
326554,46,69322
307594,57,218576
101729,99,13036619
237467,51,112021
217291,51,112399
338714,47,80685
206660,41,41603
171621,70,762946
256815,50,101511
285219,25,8000
238525,31,15582
178130,45,66021
414344,9,1000
202429,44,61126
-1,-1
-1,-1
-1,-1
-1,-1
-1,-1
-1,-1
-1,-1
-1,-1
-1,-1
-1,-1
-1,-1
-1,-1
-1,-1
-1,-1
-1,-1
-1,-1
108921,11
-1,-1
-1,-1
-1,-1
-1,-1
-1,-1
-1,-1
-1,-1
-1,-1
-1,-1
-1,-1
-1,-1
-1,-1
-1,-1
-1,-1
-1,-1
-1,-1
-1,-1
-1,-1
-1,-1
-1,-1
-1,-1
-1,-1
-1,-1
-1,-1
-1,-1
-1,-1
-1,-1
-1,-1
-1,-1
-1,-1
-1,-1
-1,-1
-1,-1
-1,-1
-1,-1
-1,-1
-1,-1
-1,-1
-1,-1
114067,17
-1,-1
-1,-1
-1,-1
-1,-1
-1,-1
-1,-1
-1,-1
-1,-1
-1,-1
-1,-1
-1,-1
-1,-1
-1,-1
-1,-1
-1,-1
80878,538
-1,-1
-1,-1
