224590,1329,20778810
186150,70,741325
197695,68,613669
198307,73,1046587
203399,72,982643
217384,66,516799
278034,44,57196
260713,61,330771
390319,50,109468
190656,71,882465
300247,56,187155
277679,66,510412
118133,99,13037079
271608,51,118861
256257,51,112843
260811,62,339776
240637,41,42686
202171,70,763476
286238,51,115218
237775,48,83017
277869,32,16633
210963,47,82407
287546,35,23757
234776,45,64567
-1,-1
-1,-1
-1,-1
-1,-1
-1,-1
-1,-1
-1,-1
-1,-1
-1,-1
-1,-1
212777,1
-1,-1
-1,-1
-1,-1
-1,-1
-1,-1
149108,14
-1,-1
-1,-1
-1,-1
-1,-1
-1,-1
-1,-1
-1,-1
-1,-1
-1,-1
-1,-1
-1,-1
-1,-1
-1,-1
-1,-1
-1,-1
-1,-1
-1,-1
-1,-1
-1,-1
-1,-1
-1,-1
-1,-1
-1,-1
-1,-1
-1,-1
-1,-1
-1,-1
-1,-1
-1,-1
-1,-1
-1,-1
-1,-1
-1,-1
-1,-1
-1,-1
-1,-1
-1,-1
-1,-1
-1,-1
-1,-1
-1,-1
50577,7
-1,-1
-1,-1
-1,-1
109320,50
-1,-1
-1,-1
-1,-1
-1,-1
-1,-1
-1,-1
-1,-1
-1,-1
-1,-1
-1,-1
-1,-1
-1,-1
-1,-1
-1,-1
-1,-1
-1,-1
94843,538
-1,-1
-1,-1
