218802,1167,16862712
219707,60,277076
248079,48,84651
254537,56,192410
232543,60,283127
210655,60,274258
230303,44,57148
243207,59,248195
380951,45,66890
182149,69,691546
318948,46,69322
300642,57,218576
98800,99,13036619
230517,51,112021
211512,51,112399
329450,47,80685
201799,41,41603
167202,70,762946
250474,50,101511
279200,25,8000
232629,31,15582
171243,45,66021
408827,9,1000
197197,44,61126
-1,-1
-1,-1
-1,-1
-1,-1
-1,-1
-1,-1
-1,-1
-1,-1
-1,-1
-1,-1
-1,-1
-1,-1
-1,-1
-1,-1
-1,-1
-1,-1
100912,11
-1,-1
-1,-1
-1,-1
-1,-1
-1,-1
-1,-1
-1,-1
-1,-1
-1,-1
-1,-1
-1,-1
-1,-1
-1,-1
-1,-1
-1,-1
-1,-1
-1,-1
-1,-1
-1,-1
-1,-1
-1,-1
-1,-1
-1,-1
-1,-1
-1,-1
-1,-1
-1,-1
-1,-1
-1,-1
-1,-1
-1,-1
-1,-1
-1,-1
-1,-1
-1,-1
-1,-1
-1,-1
-1,-1
-1,-1
106701,17
-1,-1
-1,-1
-1,-1
-1,-1
-1,-1
-1,-1
-1,-1
-1,-1
-1,-1
-1,-1
-1,-1
-1,-1
-1,-1
-1,-1
-1,-1
78453,538
-1,-1
-1,-1
