215911,1167,16855976
217010,60,277076
245073,48,84651
252591,56,187354
229986,60,281447
208103,60,274258
227306,44,57148
240102,59,248195
376458,45,66890
179397,69,691546
314859,46,69322
296824,57,218576
97121,99,13036619
227357,51,112021
208609,51,112399
325044,47,80685
199134,41,41603
164704,70,762946
246993,50,101511
275991,25,8000
229613,31,15582
167633,45,66021
406138,9,1000
194381,44,61126
-1,-1
-1,-1
-1,-1
-1,-1
-1,-1
-1,-1
-1,-1
-1,-1
-1,-1
-1,-1
-1,-1
-1,-1
-1,-1
-1,-1
-1,-1
96655,11
-1,-1
-1,-1
-1,-1
-1,-1
-1,-1
-1,-1
-1,-1
-1,-1
-1,-1
-1,-1
-1,-1
-1,-1
-1,-1
-1,-1
-1,-1
-1,-1
-1,-1
-1,-1
-1,-1
-1,-1
-1,-1
-1,-1
-1,-1
-1,-1
-1,-1
-1,-1
-1,-1
-1,-1
-1,-1
-1,-1
-1,-1
-1,-1
-1,-1
-1,-1
-1,-1
-1,-1
-1,-1
-1,-1
-1,-1
102632,17
-1,-1
-1,-1
-1,-1
-1,-1
-1,-1
-1,-1
-1,-1
-1,-1
-1,-1
-1,-1
-1,-1
-1,-1
-1,-1
-1,-1
-1,-1
77043,538
-1,-1
-1,-1
