218782,1167,16862712
219692,60,277076
248053,48,84651
254519,56,192410
232525,60,283127
210638,60,274258
230285,44,57148
243199,59,248195
380927,45,66890
182135,69,691546
318931,46,69322
300619,57,218576
98789,99,13036619
230499,51,112021
211492,51,112399
329425,47,80685
201785,41,41603
167188,70,762946
250451,50,101511
279190,25,8000
232610,31,15582
171227,45,66021
408814,9,1000
197178,44,61126
-1,-1
-1,-1
-1,-1
-1,-1
-1,-1
-1,-1
-1,-1
-1,-1
-1,-1
-1,-1
-1,-1
-1,-1
-1,-1
-1,-1
-1,-1
-1,-1
100887,11
-1,-1
-1,-1
-1,-1
-1,-1
-1,-1
-1,-1
-1,-1
-1,-1
-1,-1
-1,-1
-1,-1
-1,-1
-1,-1
-1,-1
-1,-1
-1,-1
-1,-1
-1,-1
-1,-1
-1,-1
-1,-1
-1,-1
-1,-1
-1,-1
-1,-1
-1,-1
-1,-1
-1,-1
-1,-1
-1,-1
-1,-1
-1,-1
-1,-1
-1,-1
-1,-1
-1,-1
-1,-1
-1,-1
-1,-1
106687,17
-1,-1
-1,-1
-1,-1
-1,-1
-1,-1
-1,-1
-1,-1
-1,-1
-1,-1
-1,-1
-1,-1
-1,-1
-1,-1
-1,-1
-1,-1
78448,538
-1,-1
-1,-1
