504233,382,500813
495339,30,13790
1618673,1,0
394264,36,24818
1234268,10,1165
1559662,1,12
1620303,1,0
1602650,1,5
469699,35,23140
416868,50,103765
1618289,1,0
302660,56,185122
418086,50,101550
584503,6,600
1607069,1,18
408267,37,28090
1617326,1,0
439904,30,13539
589329,15,2448
1617397,1,0
1617186,1,0
1617156,1,0
1617276,1,0
336302,16,2751
-1,-1
-1,-1
-1,-1
-1,-1
-1,-1
-1,-1
-1,-1
-1,-1
-1,-1
-1,-1
-1,-1
-1,-1
-1,-1
-1,-1
-1,-1
-1,-1
-1,-1
-1,-1
-1,-1
-1,-1
-1,-1
-1,-1
-1,-1
-1,-1
-1,-1
-1,-1
-1,-1
-1,-1
-1,-1
-1,-1
-1,-1
-1,-1
-1,-1
-1,-1
-1,-1
-1,-1
-1,-1
-1,-1
-1,-1
-1,-1
-1,-1
-1,-1
-1,-1
-1,-1
-1,-1
-1,-1
-1,-1
-1,-1
-1,-1
-1,-1
-1,-1
-1,-1
-1,-1
-1,-1
96341,14
-1,-1
-1,-1
-1,-1
-1,-1
-1,-1
-1,-1
-1,-1
-1,-1
-1,-1
-1,-1
-1,-1
-1,-1
-1,-1
-1,-1
-1,-1
