241021,1329,20778810
200506,70,741325
212589,68,613669
213526,73,1046587
218904,72,982643
232640,66,516799
298930,44,57196
280397,61,330771
414385,50,109468
205523,71,882465
318400,56,187155
294788,66,510412
125244,99,13037079
291273,51,118861
276167,51,112843
282310,62,339776
257885,41,42686
218081,70,763476
308236,51,115218
254539,48,83017
298394,32,16633
230691,47,82407
307884,35,23757
250916,45,64567
-1,-1
-1,-1
-1,-1
-1,-1
-1,-1
-1,-1
-1,-1
-1,-1
-1,-1
-1,-1
225910,1
-1,-1
-1,-1
-1,-1
-1,-1
-1,-1
169329,14
-1,-1
-1,-1
-1,-1
-1,-1
-1,-1
-1,-1
-1,-1
-1,-1
-1,-1
-1,-1
-1,-1
-1,-1
-1,-1
-1,-1
-1,-1
-1,-1
-1,-1
-1,-1
-1,-1
-1,-1
-1,-1
-1,-1
-1,-1
-1,-1
-1,-1
-1,-1
-1,-1
-1,-1
-1,-1
-1,-1
-1,-1
-1,-1
-1,-1
-1,-1
-1,-1
-1,-1
-1,-1
-1,-1
-1,-1
-1,-1
-1,-1
-1,-1
64844,7
-1,-1
-1,-1
-1,-1
121245,50
-1,-1
-1,-1
-1,-1
-1,-1
-1,-1
-1,-1
-1,-1
-1,-1
-1,-1
-1,-1
-1,-1
-1,-1
-1,-1
-1,-1
-1,-1
-1,-1
-1,-1
100354,538
-1,-1
-1,-1
