229847,1329,20778810
190565,70,741325
202325,68,613669
203104,73,1046587
208266,72,982643
222261,66,516799
284393,44,57196
266874,61,330771
397858,50,109468
195529,71,882465
306116,56,187155
283051,66,510412
120558,99,13037079
277764,51,118861
262533,51,112843
267622,62,339776
245891,41,42686
207191,70,763476
292717,51,115218
243081,48,83017
283849,32,16633
217447,47,82407
293454,35,23757
239760,45,64567
-1,-1
-1,-1
-1,-1
-1,-1
-1,-1
-1,-1
-1,-1
-1,-1
-1,-1
-1,-1
216782,1
-1,-1
-1,-1
-1,-1
-1,-1
-1,-1
155934,14
-1,-1
-1,-1
-1,-1
-1,-1
-1,-1
-1,-1
-1,-1
-1,-1
-1,-1
-1,-1
-1,-1
-1,-1
-1,-1
-1,-1
-1,-1
-1,-1
-1,-1
-1,-1
-1,-1
-1,-1
-1,-1
-1,-1
-1,-1
-1,-1
-1,-1
-1,-1
-1,-1
-1,-1
-1,-1
-1,-1
-1,-1
-1,-1
-1,-1
-1,-1
-1,-1
-1,-1
-1,-1
-1,-1
-1,-1
-1,-1
-1,-1
54778,7
-1,-1
-1,-1
-1,-1
112789,50
-1,-1
-1,-1
-1,-1
-1,-1
-1,-1
-1,-1
-1,-1
-1,-1
-1,-1
-1,-1
-1,-1
-1,-1
-1,-1
-1,-1
-1,-1
-1,-1
96722,538
-1,-1
-1,-1
