248110,1329,20778810
206695,70,741325
219037,68,613669
219836,73,1046587
225378,72,982643
238860,66,516799
308072,44,57196
288851,61,330771
424901,50,109468
211310,71,882465
326067,56,187155
302085,66,510412
128103,99,13037079
300181,51,118861
284723,51,112843
291469,62,339776
265279,41,42686
225068,70,763476
318390,51,115218
261774,48,83017
307868,32,16633
239252,47,82407
317177,35,23757
257653,45,64567
-1,-1
-1,-1
-1,-1
-1,-1
-1,-1
-1,-1
-1,-1
-1,-1
-1,-1
-1,-1
231216,1
-1,-1
-1,-1
-1,-1
-1,-1
-1,-1
177986,14
-1,-1
-1,-1
-1,-1
-1,-1
-1,-1
-1,-1
-1,-1
-1,-1
-1,-1
-1,-1
-1,-1
-1,-1
-1,-1
-1,-1
-1,-1
-1,-1
-1,-1
-1,-1
-1,-1
-1,-1
-1,-1
-1,-1
-1,-1
-1,-1
-1,-1
-1,-1
-1,-1
-1,-1
-1,-1
-1,-1
-1,-1
-1,-1
-1,-1
-1,-1
-1,-1
-1,-1
-1,-1
-1,-1
-1,-1
-1,-1
-1,-1
-1,-1
70784,7
-1,-1
-1,-1
-1,-1
126988,50
-1,-1
-1,-1
-1,-1
-1,-1
-1,-1
-1,-1
-1,-1
-1,-1
-1,-1
-1,-1
-1,-1
-1,-1
-1,-1
-1,-1
-1,-1
-1,-1
-1,-1
102892,538
-1,-1
-1,-1
-1,-1
