224377,1210,18105829
234028,60,277096
192433,61,330551
191329,70,789202
211737,67,563188
224249,60,274258
245929,44,57171
259141,59,248273
403361,45,67890
193209,69,721904
284044,54,156203
320201,57,218576
106729,99,13036619
246705,51,113021
227496,51,112399
353458,47,80685
215276,41,41603
179024,70,762950
268154,50,101511
296268,25,8000
247368,32,16582
189134,45,66021
425791,9,1000
211828,44,61126
-1,-1
-1,-1
-1,-1
-1,-1
-1,-1
-1,-1
-1,-1
-1,-1
-1,-1
-1,-1
-1,-1
-1,-1
-1,-1
-1,-1
-1,-1
-1,-1
121551,11
-1,-1
-1,-1
-1,-1
-1,-1
-1,-1
-1,-1
-1,-1
-1,-1
-1,-1
-1,-1
-1,-1
-1,-1
-1,-1
-1,-1
-1,-1
-1,-1
-1,-1
-1,-1
-1,-1
-1,-1
-1,-1
-1,-1
-1,-1
-1,-1
-1,-1
-1,-1
-1,-1
-1,-1
-1,-1
-1,-1
-1,-1
-1,-1
-1,-1
-1,-1
-1,-1
-1,-1
-1,-1
-1,-1
-1,-1
-1,-1
126118,17
-1,-1
-1,-1
-1,-1
-1,-1
-1,-1
-1,-1
-1,-1
-1,-1
-1,-1
-1,-1
-1,-1
-1,-1
-1,-1
-1,-1
-1,-1
84972,538
-1,-1
-1,-1
