283421,1330,20778810
240333,70,741325
254283,68,613669
256092,73,1046587
261376,72,982643
271991,66,516799
349253,44,57196
328347,61,330771
472206,50,109468
239928,71,882465
366270,56,187155
334940,66,510412
139372,99,13037079
340014,51,118861
323091,51,112843
332336,62,339776
299300,41,42686
255610,70,763476
366094,51,115218
294365,48,83017
352187,32,16633
278233,47,82407
360030,35,23757
291929,45,64567
-1,1,0
-1,-1
-1,-1
-1,-1
-1,-1
-1,-1
-1,-1
-1,-1
-1,-1
-1,-1
-1,-1
-1,-1
254609,1
-1,-1
-1,-1
-1,-1
-1,-1
-1,-1
216455,14
-1,-1
-1,-1
-1,-1
-1,-1
-1,-1
-1,-1
-1,-1
-1,-1
-1,-1
-1,-1
-1,-1
-1,-1
-1,-1
-1,-1
-1,-1
-1,-1
-1,-1
-1,-1
-1,-1
-1,-1
-1,-1
-1,-1
-1,-1
-1,-1
-1,-1
-1,-1
-1,-1
-1,-1
-1,-1
-1,-1
-1,-1
-1,-1
-1,-1
-1,-1
-1,-1
-1,-1
-1,-1
-1,-1
-1,-1
-1,-1
-1,-1
-1,-1
-1,-1
93564,7
-1,-1
-1,-1
-1,-1
-1,-1
155260,50
-1,-1
-1,-1
-1,-1
-1,-1
-1,-1
-1,-1
-1,-1
-1,-1
-1,-1
-1,-1
-1,-1
-1,-1
-1,-1
-1,-1
-1,-1
-1,-1
-1,-1
114022,538
-1,-1
-1,-1
-1,-1
