208456,1329,20778810
172734,70,741325
183530,68,613669
184135,73,1046587
188784,72,982643
202901,66,516799
257763,44,57196
241716,61,330771
366770,50,109468
176021,71,882465
280918,56,187155
260497,66,510412
110622,99,13037079
252762,51,118861
237786,51,112843
240091,62,339776
223896,41,42686
186656,70,763476
265630,51,115218
221592,48,83017
258922,32,16633
192102,47,82407
268466,35,23757
218584,45,64567
-1,-1
-1,-1
-1,-1
-1,-1
-1,-1
-1,-1
-1,-1
-1,-1
-1,-1
-1,-1
200518,1
-1,-1
-1,-1
-1,-1
-1,-1
-1,-1
129512,14
-1,-1
-1,-1
-1,-1
-1,-1
-1,-1
-1,-1
-1,-1
-1,-1
-1,-1
-1,-1
-1,-1
-1,-1
-1,-1
-1,-1
-1,-1
-1,-1
-1,-1
-1,-1
-1,-1
-1,-1
-1,-1
-1,-1
-1,-1
-1,-1
-1,-1
-1,-1
-1,-1
-1,-1
-1,-1
-1,-1
-1,-1
-1,-1
-1,-1
-1,-1
-1,-1
-1,-1
-1,-1
-1,-1
-1,-1
35540,7
-1,-1
-1,-1
-1,-1
97943,50
-1,-1
-1,-1
-1,-1
-1,-1
-1,-1
-1,-1
-1,-1
-1,-1
-1,-1
-1,-1
-1,-1
-1,-1
-1,-1
-1,-1
-1,-1
88892,538
-1,-1
-1,-1
