232373,1329,20778810
192770,70,741325
204486,68,613669
205424,73,1046587
210645,72,982643
224595,66,516799
287648,44,57196
269926,61,330771
401627,50,109468
197899,71,882465
308872,56,187155
285838,66,510412
121561,99,13037079
280716,51,118861
265495,51,112843
271001,62,339776
248565,41,42686
209596,70,763476
296098,51,115218
245702,48,83017
286986,32,16633
220606,47,82407
296527,35,23757
242290,45,64567
-1,-1
-1,-1
-1,-1
-1,-1
-1,-1
-1,-1
-1,-1
-1,-1
-1,-1
-1,-1
218869,1
-1,-1
-1,-1
-1,-1
-1,-1
-1,-1
159180,14
-1,-1
-1,-1
-1,-1
-1,-1
-1,-1
-1,-1
-1,-1
-1,-1
-1,-1
-1,-1
-1,-1
-1,-1
-1,-1
-1,-1
-1,-1
-1,-1
-1,-1
-1,-1
-1,-1
-1,-1
-1,-1
-1,-1
-1,-1
-1,-1
-1,-1
-1,-1
-1,-1
-1,-1
-1,-1
-1,-1
-1,-1
-1,-1
-1,-1
-1,-1
-1,-1
-1,-1
-1,-1
-1,-1
-1,-1
-1,-1
-1,-1
-1,-1
56872,7
-1,-1
-1,-1
-1,-1
114609,50
-1,-1
-1,-1
-1,-1
-1,-1
-1,-1
-1,-1
-1,-1
-1,-1
-1,-1
-1,-1
-1,-1
-1,-1
-1,-1
-1,-1
-1,-1
-1,-1
97483,538
-1,-1
-1,-1
