224286,1167,16862712
224783,60,277076
253695,48,84651
260149,56,192410
237815,60,283127
215519,60,274258
235855,44,57148
249002,59,248195
389286,45,66890
187512,69,691546
326716,46,69322
307728,57,218576
101781,99,13036619
237579,51,112021
217386,51,112399
338889,47,80685
206733,41,41603
171692,70,762946
256992,50,101511
285340,25,8000
238657,31,15582
178242,45,66021
414469,9,1000
202538,44,61126
-1,-1
-1,-1
-1,-1
-1,-1
-1,-1
-1,-1
-1,-1
-1,-1
-1,-1
-1,-1
-1,-1
-1,-1
-1,-1
-1,-1
-1,-1
-1,-1
109053,11
-1,-1
-1,-1
-1,-1
-1,-1
-1,-1
-1,-1
-1,-1
-1,-1
-1,-1
-1,-1
-1,-1
-1,-1
-1,-1
-1,-1
-1,-1
-1,-1
-1,-1
-1,-1
-1,-1
-1,-1
-1,-1
-1,-1
-1,-1
-1,-1
-1,-1
-1,-1
-1,-1
-1,-1
-1,-1
-1,-1
-1,-1
-1,-1
-1,-1
-1,-1
-1,-1
-1,-1
-1,-1
-1,-1
-1,-1
114205,17
-1,-1
-1,-1
-1,-1
-1,-1
-1,-1
-1,-1
-1,-1
-1,-1
-1,-1
-1,-1
-1,-1
-1,-1
-1,-1
-1,-1
-1,-1
80931,538
-1,-1
-1,-1
