221343,1329,20778810
183436,70,741325
194829,68,613669
195388,73,1046587
200508,72,982643
214576,66,516799
273979,44,57196
256968,61,330771
385905,50,109468
187789,71,882465
296499,56,187155
274475,66,510412
116458,99,13037079
267769,51,118861
252774,51,112843
256891,62,339776
237373,41,42686
198915,70,763476
282101,51,115218
234576,48,83017
274067,32,16633
207433,47,82407
283779,35,23757
231658,45,64567
-1,-1
-1,-1
-1,-1
-1,-1
-1,-1
-1,-1
-1,-1
-1,-1
-1,-1
-1,-1
210359,1
-1,-1
-1,-1
-1,-1
-1,-1
-1,-1
145567,14
-1,-1
-1,-1
-1,-1
-1,-1
-1,-1
-1,-1
-1,-1
-1,-1
-1,-1
-1,-1
-1,-1
-1,-1
-1,-1
-1,-1
-1,-1
-1,-1
-1,-1
-1,-1
-1,-1
-1,-1
-1,-1
-1,-1
-1,-1
-1,-1
-1,-1
-1,-1
-1,-1
-1,-1
-1,-1
-1,-1
-1,-1
-1,-1
-1,-1
-1,-1
-1,-1
-1,-1
-1,-1
-1,-1
-1,-1
-1,-1
-1,-1
47624,7
-1,-1
-1,-1
-1,-1
107113,50
-1,-1
-1,-1
-1,-1
-1,-1
-1,-1
-1,-1
-1,-1
-1,-1
-1,-1
-1,-1
-1,-1
-1,-1
-1,-1
-1,-1
-1,-1
-1,-1
93433,538
-1,-1
-1,-1
