273461,1329,20778810
232225,70,741325
246116,68,613669
247578,73,1046587
252937,72,982643
264165,66,516799
338796,44,57196
317786,61,330771
460238,50,109468
230802,71,882465
355444,56,187155
326085,66,510412
135812,99,13037079
329138,51,118861
312691,51,112843
320386,62,339776
290655,41,42686
246805,70,763476
353194,51,115218
285753,48,83017
340453,32,16633
268158,47,82407
348509,35,23757
281056,45,64567
-1,-1
-1,-1
-1,-1
-1,-1
-1,-1
-1,-1
-1,-1
-1,-1
-1,-1
-1,-1
-1,-1
248983,1
-1,-1
-1,-1
-1,-1
-1,-1
-1,-1
206499,14
-1,-1
-1,-1
-1,-1
-1,-1
-1,-1
-1,-1
-1,-1
-1,-1
-1,-1
-1,-1
-1,-1
-1,-1
-1,-1
-1,-1
-1,-1
-1,-1
-1,-1
-1,-1
-1,-1
-1,-1
-1,-1
-1,-1
-1,-1
-1,-1
-1,-1
-1,-1
-1,-1
-1,-1
-1,-1
-1,-1
-1,-1
-1,-1
-1,-1
-1,-1
-1,-1
-1,-1
-1,-1
-1,-1
-1,-1
-1,-1
-1,-1
-1,-1
-1,-1
88867,7
-1,-1
-1,-1
-1,-1
146596,50
-1,-1
-1,-1
-1,-1
-1,-1
-1,-1
-1,-1
-1,-1
-1,-1
-1,-1
-1,-1
-1,-1
-1,-1
-1,-1
-1,-1
-1,-1
-1,-1
-1,-1
110287,538
-1,-1
-1,-1
-1,-1
