224284,1167,16862712
224782,60,277076
253691,48,84651
260145,56,192410
237815,60,283127
215516,60,274258
235854,44,57148
249003,59,248195
389281,45,66890
187507,69,691546
326717,46,69322
307725,57,218576
101778,99,13036619
237577,51,112021
217383,51,112399
338881,47,80685
206731,41,41603
171692,70,762946
256989,50,101511
285335,25,8000
238653,31,15582
178242,45,66021
414470,9,1000
202533,44,61126
-1,-1
-1,-1
-1,-1
-1,-1
-1,-1
-1,-1
-1,-1
-1,-1
-1,-1
-1,-1
-1,-1
-1,-1
-1,-1
-1,-1
-1,-1
-1,-1
109054,11
-1,-1
-1,-1
-1,-1
-1,-1
-1,-1
-1,-1
-1,-1
-1,-1
-1,-1
-1,-1
-1,-1
-1,-1
-1,-1
-1,-1
-1,-1
-1,-1
-1,-1
-1,-1
-1,-1
-1,-1
-1,-1
-1,-1
-1,-1
-1,-1
-1,-1
-1,-1
-1,-1
-1,-1
-1,-1
-1,-1
-1,-1
-1,-1
-1,-1
-1,-1
-1,-1
-1,-1
-1,-1
-1,-1
-1,-1
114198,17
-1,-1
-1,-1
-1,-1
-1,-1
-1,-1
-1,-1
-1,-1
-1,-1
-1,-1
-1,-1
-1,-1
-1,-1
-1,-1
-1,-1
-1,-1
80928,538
-1,-1
-1,-1
