262788,1329,20778810
221411,70,741325
235177,68,613669
236432,73,1046587
241820,72,982643
254022,66,516799
327114,44,57196
306270,61,330771
447709,50,109468
221960,71,882465
343855,56,187155
316309,66,510412
133052,99,13037079
317571,51,118861
301157,51,112843
308189,62,339776
280260,41,42686
237416,70,763476
339662,51,115218
275478,48,83017
328003,32,16633
257351,47,82407
336161,35,23757
271189,45,64567
-1,-1
-1,-1
-1,-1
-1,-1
-1,-1
-1,-1
-1,-1
-1,-1
-1,-1
-1,-1
241224,1
-1,-1
-1,-1
-1,-1
-1,-1
-1,-1
195962,14
-1,-1
-1,-1
-1,-1
-1,-1
-1,-1
-1,-1
-1,-1
-1,-1
-1,-1
-1,-1
-1,-1
-1,-1
-1,-1
-1,-1
-1,-1
-1,-1
-1,-1
-1,-1
-1,-1
-1,-1
-1,-1
-1,-1
-1,-1
-1,-1
-1,-1
-1,-1
-1,-1
-1,-1
-1,-1
-1,-1
-1,-1
-1,-1
-1,-1
-1,-1
-1,-1
-1,-1
-1,-1
-1,-1
-1,-1
-1,-1
-1,-1
-1,-1
-1,-1
81676,7
-1,-1
-1,-1
-1,-1
138944,50
-1,-1
-1,-1
-1,-1
-1,-1
-1,-1
-1,-1
-1,-1
-1,-1
-1,-1
-1,-1
-1,-1
-1,-1
-1,-1
-1,-1
-1,-1
-1,-1
-1,-1
107693,538
-1,-1
-1,-1
-1,-1
