218915,1167,16862712
219808,60,277076
248195,48,84651
254635,56,192410
232646,60,283127
210752,60,274258
230448,44,57148
243342,59,248195
381121,45,66890
182246,69,691546
319112,46,69322
300776,57,218576
98855,99,13036619
230650,51,112021
211636,51,112399
329612,47,80685
201906,41,41603
167297,70,762946
250608,50,101511
279319,25,8000
232747,31,15582
171363,45,66021
408940,9,1000
197286,44,61126
-1,-1
-1,-1
-1,-1
-1,-1
-1,-1
-1,-1
-1,-1
-1,-1
-1,-1
-1,-1
-1,-1
-1,-1
-1,-1
-1,-1
-1,-1
-1,-1
101051,11
-1,-1
-1,-1
-1,-1
-1,-1
-1,-1
-1,-1
-1,-1
-1,-1
-1,-1
-1,-1
-1,-1
-1,-1
-1,-1
-1,-1
-1,-1
-1,-1
-1,-1
-1,-1
-1,-1
-1,-1
-1,-1
-1,-1
-1,-1
-1,-1
-1,-1
-1,-1
-1,-1
-1,-1
-1,-1
-1,-1
-1,-1
-1,-1
-1,-1
-1,-1
-1,-1
-1,-1
-1,-1
-1,-1
-1,-1
106844,17
-1,-1
-1,-1
-1,-1
-1,-1
-1,-1
-1,-1
-1,-1
-1,-1
-1,-1
-1,-1
-1,-1
-1,-1
-1,-1
-1,-1
-1,-1
78509,538
-1,-1
-1,-1
