295695,1330,20778810
252213,70,741325
266374,68,613669
268400,73,1046587
273917,72,982643
283814,66,516799
364461,44,57196
341818,61,330771
487688,50,109468
251123,71,882465
377702,56,187155
346234,66,510412
141704,99,13037079
352681,51,118861
336949,51,112843
346213,62,339776
311243,41,42686
265713,70,763476
380498,51,115218
306808,48,83017
365320,32,16633
289675,47,82407
373306,35,23757
303507,45,64567
-1,1,0
-1,-1
-1,-1
-1,-1
-1,-1
-1,-1
-1,-1
-1,-1
-1,-1
-1,-1
-1,-1
-1,-1
263763,1
-1,-1
-1,-1
-1,-1
-1,-1
-1,-1
227950,14
-1,-1
-1,-1
-1,-1
-1,-1
-1,-1
-1,-1
-1,-1
-1,-1
-1,0
-1,-1
-1,-1
-1,-1
-1,-1
-1,-1
-1,-1
-1,-1
-1,-1
-1,-1
-1,-1
-1,-1
-1,-1
-1,-1
-1,-1
-1,-1
-1,-1
-1,-1
-1,-1
-1,-1
-1,-1
-1,-1
-1,-1
-1,-1
-1,-1
-1,-1
-1,-1
-1,-1
-1,-1
-1,-1
-1,-1
-1,-1
-1,-1
-1,-1
-1,-1
-1,-1
102098,7
-1,-1
-1,-1
-1,-1
-1,-1
164307,50
-1,-1
-1,-1
-1,-1
-1,-1
-1,-1
-1,-1
-1,-1
-1,-1
-1,-1
-1,-1
-1,-1
-1,-1
-1,-1
-1,-1
-1,-1
-1,-1
-1,-1
114873,538
-1,-1
-1,-1
-1,-1
