238030,1329,20778810
197732,70,741325
209659,68,613669
210706,73,1046587
215949,72,982643
229883,66,516799
295059,44,57196
276731,61,330771
409946,50,109468
202892,71,882465
315102,56,187155
291708,66,510412
124033,99,13037079
287578,51,118861
272442,51,112843
278335,62,339776
254625,41,42686
215013,70,763476
303937,51,115218
251445,48,83017
294284,32,16633
227242,47,82407
303912,35,23757
247864,45,64567
-1,-1
-1,-1
-1,-1
-1,-1
-1,-1
-1,-1
-1,-1
-1,-1
-1,-1
-1,-1
223453,1
-1,-1
-1,-1
-1,-1
-1,-1
-1,-1
165821,14
-1,-1
-1,-1
-1,-1
-1,-1
-1,-1
-1,-1
-1,-1
-1,-1
-1,-1
-1,-1
-1,-1
-1,-1
-1,-1
-1,-1
-1,-1
-1,-1
-1,-1
-1,-1
-1,-1
-1,-1
-1,-1
-1,-1
-1,-1
-1,-1
-1,-1
-1,-1
-1,-1
-1,-1
-1,-1
-1,-1
-1,-1
-1,-1
-1,-1
-1,-1
-1,-1
-1,-1
-1,-1
-1,-1
-1,-1
-1,-1
-1,-1
-1,-1
62064,7
-1,-1
-1,-1
-1,-1
118969,50
-1,-1
-1,-1
-1,-1
-1,-1
-1,-1
-1,-1
-1,-1
-1,-1
-1,-1
-1,-1
-1,-1
-1,-1
-1,-1
-1,-1
-1,-1
-1,-1
-1,-1
99388,538
-1,-1
-1,-1
