218917,1167,16862712
219813,60,277076
248200,48,84651
254640,56,192410
232653,60,283127
210756,60,274258
230453,44,57148
243350,59,248195
381123,45,66890
182249,69,691546
319120,46,69322
300782,57,218576
98857,99,13036619
230656,51,112021
211639,51,112399
329623,47,80685
201910,41,41603
167304,70,762946
250612,50,101511
279325,25,8000
232755,31,15582
171367,45,66021
408943,9,1000
197289,44,61126
-1,-1
-1,-1
-1,-1
-1,-1
-1,-1
-1,-1
-1,-1
-1,-1
-1,-1
-1,-1
-1,-1
-1,-1
-1,-1
-1,-1
-1,-1
-1,-1
101052,11
-1,-1
-1,-1
-1,-1
-1,-1
-1,-1
-1,-1
-1,-1
-1,-1
-1,-1
-1,-1
-1,-1
-1,-1
-1,-1
-1,-1
-1,-1
-1,-1
-1,-1
-1,-1
-1,-1
-1,-1
-1,-1
-1,-1
-1,-1
-1,-1
-1,-1
-1,-1
-1,-1
-1,-1
-1,-1
-1,-1
-1,-1
-1,-1
-1,-1
-1,-1
-1,-1
-1,-1
-1,-1
-1,-1
-1,-1
106846,17
-1,-1
-1,-1
-1,-1
-1,-1
-1,-1
-1,-1
-1,-1
-1,-1
-1,-1
-1,-1
-1,-1
-1,-1
-1,-1
-1,-1
-1,-1
78513,538
-1,-1
-1,-1
