202232,1329,20778810
167411,70,741325
177983,68,613669
178595,73,1046587
183270,72,982643
197146,66,516799
250188,44,57196
234682,61,330771
358150,50,109468
170506,71,882465
273109,56,187155
254188,66,510412
107425,99,13037079
245732,51,118861
230741,51,112843
231896,62,339776
217487,41,42686
181385,70,763476
257765,51,115218
215283,48,83017
251392,32,16633
184871,47,82407
260731,35,23757
212166,45,64567
-1,-1
-1,-1
-1,-1
-1,-1
-1,-1
-1,-1
-1,-1
-1,-1
-1,-1
-1,-1
196369,1
-1,-1
-1,-1
-1,-1
-1,-1
-1,-1
122036,14
-1,-1
-1,-1
-1,-1
-1,-1
-1,-1
-1,-1
-1,-1
-1,-1
-1,-1
-1,-1
-1,-1
-1,-1
-1,-1
-1,-1
-1,-1
-1,-1
-1,-1
-1,-1
-1,-1
-1,-1
-1,-1
-1,-1
-1,-1
-1,-1
-1,-1
-1,-1
-1,-1
-1,-1
-1,-1
-1,-1
-1,-1
-1,-1
-1,-1
-1,-1
-1,-1
-1,-1
-1,-1
-1,-1
-1,-1
28737,7
-1,-1
-1,-1
-1,-1
93544,50
-1,-1
-1,-1
-1,-1
-1,-1
-1,-1
-1,-1
-1,-1
-1,-1
-1,-1
-1,-1
-1,-1
-1,-1
-1,-1
-1,-1
-1,-1
86302,538
-1,-1
-1,-1
