208569,1329,20778810
172826,70,741325
183622,68,613669
184226,73,1046587
188899,72,982643
203001,66,516799
257892,44,57196
241853,61,330771
366919,50,109468
176148,71,882465
281052,56,187155
260628,66,510412
110692,99,13037079
252895,51,118861
237900,51,112843
240233,62,339776
224006,41,42686
186767,70,763476
265759,51,115218
221704,48,83017
259039,32,16633
192235,47,82407
268599,35,23757
218690,45,64567
-1,-1
-1,-1
-1,-1
-1,-1
-1,-1
-1,-1
-1,-1
-1,-1
-1,-1
-1,-1
200601,1
-1,-1
-1,-1
-1,-1
-1,-1
-1,-1
129647,14
-1,-1
-1,-1
-1,-1
-1,-1
-1,-1
-1,-1
-1,-1
-1,-1
-1,-1
-1,-1
-1,-1
-1,-1
-1,-1
-1,-1
-1,-1
-1,-1
-1,-1
-1,-1
-1,-1
-1,-1
-1,-1
-1,-1
-1,-1
-1,-1
-1,-1
-1,-1
-1,-1
-1,-1
-1,-1
-1,-1
-1,-1
-1,-1
-1,-1
-1,-1
-1,-1
-1,-1
-1,-1
-1,-1
-1,-1
35633,7
-1,-1
-1,-1
-1,-1
98020,50
-1,-1
-1,-1
-1,-1
-1,-1
-1,-1
-1,-1
-1,-1
-1,-1
-1,-1
-1,-1
-1,-1
-1,-1
-1,-1
-1,-1
-1,-1
88936,538
-1,-1
-1,-1
