211531,1329,20778810
175284,70,741325
186255,68,613669
186766,73,1046587
191653,72,982643
205702,66,516799
261683,44,57196
245347,61,330771
371320,50,109468
178864,71,882465
284938,56,187155
263879,66,510412
112223,99,13037079
256268,51,118861
241177,51,112843
244071,62,339776
227142,41,42686
189468,70,763476
269523,51,115218
224780,48,83017
262570,32,16633
195768,47,82407
272179,35,23757
221811,45,64567
-1,-1
-1,-1
-1,-1
-1,-1
-1,-1
-1,-1
-1,-1
-1,-1
-1,-1
-1,-1
202828,1
-1,-1
-1,-1
-1,-1
-1,-1
-1,-1
133411,14
-1,-1
-1,-1
-1,-1
-1,-1
-1,-1
-1,-1
-1,-1
-1,-1
-1,-1
-1,-1
-1,-1
-1,-1
-1,-1
-1,-1
-1,-1
-1,-1
-1,-1
-1,-1
-1,-1
-1,-1
-1,-1
-1,-1
-1,-1
-1,-1
-1,-1
-1,-1
-1,-1
-1,-1
-1,-1
-1,-1
-1,-1
-1,-1
-1,-1
-1,-1
-1,-1
-1,-1
-1,-1
-1,-1
-1,-1
38841,7
-1,-1
-1,-1
-1,-1
100111,50
-1,-1
-1,-1
-1,-1
-1,-1
-1,-1
-1,-1
-1,-1
-1,-1
-1,-1
-1,-1
-1,-1
-1,-1
-1,-1
-1,-1
-1,-1
90127,538
-1,-1
-1,-1
