218859,1167,16862712
219758,60,277076
248138,48,84651
254589,56,192410
232599,60,283127
210712,60,274258
230376,44,57148
243287,59,248195
381045,45,66890
182200,69,691546
319045,46,69322
300706,57,218576
98825,99,13036619
230601,51,112021
211584,51,112399
329543,47,80685
201856,41,41603
167257,70,762946
250547,50,101511
279269,25,8000
232688,31,15582
171305,45,66021
408887,9,1000
197247,44,61126
-1,-1
-1,-1
-1,-1
-1,-1
-1,-1
-1,-1
-1,-1
-1,-1
-1,-1
-1,-1
-1,-1
-1,-1
-1,-1
-1,-1
-1,-1
-1,-1
100993,11
-1,-1
-1,-1
-1,-1
-1,-1
-1,-1
-1,-1
-1,-1
-1,-1
-1,-1
-1,-1
-1,-1
-1,-1
-1,-1
-1,-1
-1,-1
-1,-1
-1,-1
-1,-1
-1,-1
-1,-1
-1,-1
-1,-1
-1,-1
-1,-1
-1,-1
-1,-1
-1,-1
-1,-1
-1,-1
-1,-1
-1,-1
-1,-1
-1,-1
-1,-1
-1,-1
-1,-1
-1,-1
-1,-1
-1,-1
106782,17
-1,-1
-1,-1
-1,-1
-1,-1
-1,-1
-1,-1
-1,-1
-1,-1
-1,-1
-1,-1
-1,-1
-1,-1
-1,-1
-1,-1
-1,-1
78483,538
-1,-1
-1,-1
