241090,1329,20778810
200565,70,741325
212639,68,613669
213580,73,1046587
218968,72,982643
232717,66,516799
299040,44,57196
280497,61,330771
414510,50,109468
205577,71,882465
318481,56,187155
294878,66,510412
125279,99,13037079
291360,51,118861
276267,51,112843
282394,62,339776
257948,41,42686
218148,70,763476
308346,51,115218
254606,48,83017
298505,32,16633
230788,47,82407
307987,35,23757
250975,45,64567
-1,-1
-1,-1
-1,-1
-1,-1
-1,-1
-1,-1
-1,-1
-1,-1
-1,-1
-1,-1
225961,1
-1,-1
-1,-1
-1,-1
-1,-1
-1,-1
169413,14
-1,-1
-1,-1
-1,-1
-1,-1
-1,-1
-1,-1
-1,-1
-1,-1
-1,-1
-1,-1
-1,-1
-1,-1
-1,-1
-1,-1
-1,-1
-1,-1
-1,-1
-1,-1
-1,-1
-1,-1
-1,-1
-1,-1
-1,-1
-1,-1
-1,-1
-1,-1
-1,-1
-1,-1
-1,-1
-1,-1
-1,-1
-1,-1
-1,-1
-1,-1
-1,-1
-1,-1
-1,-1
-1,-1
-1,-1
-1,-1
-1,-1
-1,-1
64910,7
-1,-1
-1,-1
-1,-1
121301,50
-1,-1
-1,-1
-1,-1
-1,-1
-1,-1
-1,-1
-1,-1
-1,-1
-1,-1
-1,-1
-1,-1
-1,-1
-1,-1
-1,-1
-1,-1
-1,-1
-1,-1
100371,538
-1,-1
-1,-1
