273666,1329,20778810
232410,70,741325
246334,68,613669
247794,73,1046587
253151,72,982643
264349,66,516799
339021,44,57196
318013,61,330771
460498,50,109468
231026,71,882465
355730,56,187155
326274,66,510412
135891,99,13037079
329382,51,118861
312900,51,112843
320667,62,339776
290850,41,42686
246999,70,763476
353481,51,115218
285945,48,83017
340736,32,16633
268376,47,82407
348787,35,23757
281245,45,64567
-1,-1
-1,-1
-1,-1
-1,-1
-1,-1
-1,-1
-1,-1
-1,-1
-1,-1
-1,-1
-1,-1
249102,1
-1,-1
-1,-1
-1,-1
-1,-1
-1,-1
206714,14
-1,-1
-1,-1
-1,-1
-1,-1
-1,-1
-1,-1
-1,-1
-1,-1
-1,-1
-1,-1
-1,-1
-1,-1
-1,-1
-1,-1
-1,-1
-1,-1
-1,-1
-1,-1
-1,-1
-1,-1
-1,-1
-1,-1
-1,-1
-1,-1
-1,-1
-1,-1
-1,-1
-1,-1
-1,-1
-1,-1
-1,-1
-1,-1
-1,-1
-1,-1
-1,-1
-1,-1
-1,-1
-1,-1
-1,-1
-1,-1
-1,-1
-1,-1
-1,-1
88963,7
-1,-1
-1,-1
-1,-1
146765,50
-1,-1
-1,-1
-1,-1
-1,-1
-1,-1
-1,-1
-1,-1
-1,-1
-1,-1
-1,-1
-1,-1
-1,-1
-1,-1
-1,-1
-1,-1
-1,-1
-1,-1
110364,538
-1,-1
-1,-1
-1,-1
