278885,1330,20778810
236574,70,741325
250543,68,613669
252056,73,1046587
257441,72,982643
268294,66,516799
344238,44,57196
323196,61,330771
466514,50,109468
235803,71,882465
361126,56,187155
330716,66,510412
137676,99,13037079
334859,51,118861
318218,51,112843
326818,62,339776
295219,41,42686
251249,70,763476
359972,51,115218
290336,48,83017
346589,32,16633
273437,47,82407
354598,35,23757
287273,45,64567
-1,1,0
-1,-1
-1,-1
-1,-1
-1,-1
-1,-1
-1,-1
-1,-1
-1,-1
-1,-1
-1,-1
-1,-1
251874,1
-1,-1
-1,-1
-1,-1
-1,-1
-1,-1
211657,14
-1,-1
-1,-1
-1,-1
-1,-1
-1,-1
-1,-1
-1,-1
-1,-1
-1,-1
-1,-1
-1,-1
-1,-1
-1,-1
-1,-1
-1,-1
-1,-1
-1,-1
-1,-1
-1,-1
-1,-1
-1,-1
-1,-1
-1,-1
-1,-1
-1,-1
-1,-1
-1,-1
-1,-1
-1,-1
-1,-1
-1,-1
-1,-1
-1,-1
-1,-1
-1,-1
-1,-1
-1,-1
-1,-1
-1,-1
-1,-1
-1,-1
-1,-1
-1,-1
91219,7
-1,-1
-1,-1
-1,-1
-1,-1
151814,50
-1,-1
-1,-1
-1,-1
-1,-1
-1,-1
-1,-1
-1,-1
-1,-1
-1,-1
-1,-1
-1,-1
-1,-1
-1,-1
-1,-1
-1,-1
-1,-1
-1,-1
112255,538
-1,-1
-1,-1
-1,-1
