227860,1329,20778810
188835,70,741325
200553,68,613669
201267,73,1046587
206398,72,982643
220433,66,516799
281994,44,57196
264589,61,330771
394977,50,109468
193699,71,882465
303864,56,187155
280949,66,510412
119656,99,13037079
275387,51,118861
260056,51,112843
264998,62,339776
243910,41,42686
205257,70,763476
290288,51,115218
241088,48,83017
281567,32,16633
215151,47,82407
291163,35,23757
237895,45,64567
-1,-1
-1,-1
-1,-1
-1,-1
-1,-1
-1,-1
-1,-1
-1,-1
-1,-1
-1,-1
215350,1
-1,-1
-1,-1
-1,-1
-1,-1
-1,-1
153608,14
-1,-1
-1,-1
-1,-1
-1,-1
-1,-1
-1,-1
-1,-1
-1,-1
-1,-1
-1,-1
-1,-1
-1,-1
-1,-1
-1,-1
-1,-1
-1,-1
-1,-1
-1,-1
-1,-1
-1,-1
-1,-1
-1,-1
-1,-1
-1,-1
-1,-1
-1,-1
-1,-1
-1,-1
-1,-1
-1,-1
-1,-1
-1,-1
-1,-1
-1,-1
-1,-1
-1,-1
-1,-1
-1,-1
-1,-1
-1,-1
-1,-1
53195,7
-1,-1
-1,-1
-1,-1
111543,50
-1,-1
-1,-1
-1,-1
-1,-1
-1,-1
-1,-1
-1,-1
-1,-1
-1,-1
-1,-1
-1,-1
-1,-1
-1,-1
-1,-1
-1,-1
-1,-1
96041,538
-1,-1
-1,-1
