202300,1329,20778810
167486,70,741325
178056,68,613669
178674,73,1046587
183347,72,982643
197218,66,516799
250314,44,57196
234761,61,330771
358270,50,109468
170572,71,882465
273198,56,187155
254257,66,510412
107464,99,13037079
245815,51,118861
230833,51,112843
231991,62,339776
217569,41,42686
181452,70,763476
257853,51,115218
215369,48,83017
251475,32,16633
184970,47,82407
260821,35,23757
212239,45,64567
-1,-1
-1,-1
-1,-1
-1,-1
-1,-1
-1,-1
-1,-1
-1,-1
-1,-1
-1,-1
196404,1
-1,-1
-1,-1
-1,-1
-1,-1
-1,-1
122126,14
-1,-1
-1,-1
-1,-1
-1,-1
-1,-1
-1,-1
-1,-1
-1,-1
-1,-1
-1,-1
-1,-1
-1,-1
-1,-1
-1,-1
-1,-1
-1,-1
-1,-1
-1,-1
-1,-1
-1,-1
-1,-1
-1,-1
-1,-1
-1,-1
-1,-1
-1,-1
-1,-1
-1,-1
-1,-1
-1,-1
-1,-1
-1,-1
-1,-1
-1,-1
-1,-1
-1,-1
-1,-1
-1,-1
-1,-1
28824,7
-1,-1
-1,-1
-1,-1
93604,50
-1,-1
-1,-1
-1,-1
-1,-1
-1,-1
-1,-1
-1,-1
-1,-1
-1,-1
-1,-1
-1,-1
-1,-1
-1,-1
-1,-1
-1,-1
86341,538
-1,-1
-1,-1
