224618,1210,18105829
234282,60,277096
192620,61,330551
191530,70,789202
211958,67,563188
224465,60,274258
246221,44,57171
259433,59,248273
403763,45,67890
193441,69,721904
284389,54,156203
320506,57,218576
106849,99,13036619
246969,51,113021
227774,51,112399
353881,47,80685
215508,41,41603
179206,70,762950
268455,50,101511
296561,25,8000
247663,32,16582
189419,45,66021
426122,9,1000
212071,44,61126
-1,-1
-1,-1
-1,-1
-1,-1
-1,-1
-1,-1
-1,-1
-1,-1
-1,-1
-1,-1
-1,-1
-1,-1
-1,-1
-1,-1
-1,-1
-1,-1
121859,11
-1,-1
-1,-1
-1,-1
-1,-1
-1,-1
-1,-1
-1,-1
-1,-1
-1,-1
-1,-1
-1,-1
-1,-1
-1,-1
-1,-1
-1,-1
-1,-1
-1,-1
-1,-1
-1,-1
-1,-1
-1,-1
-1,-1
-1,-1
-1,-1
-1,-1
-1,-1
-1,-1
-1,-1
-1,-1
-1,-1
-1,-1
-1,-1
-1,-1
-1,-1
-1,-1
-1,-1
-1,-1
-1,-1
-1,-1
-1,-1
126345,17
-1,-1
-1,-1
-1,-1
-1,-1
-1,-1
-1,-1
-1,-1
-1,-1
-1,-1
-1,-1
-1,-1
-1,-1
-1,-1
-1,-1
-1,-1
85077,538
-1,-1
-1,-1
