431872,498,3523769
494130,30,13814
1618955,1,0
394512,36,24818
1182218,10,1173
1559896,1,12
1620753,1,0
1603248,1,5
469951,35,23140
313299,57,215647
321513,44,55806
302842,56,185122
201118,83,2917994
584857,6,600
1607373,1,18
368852,41,42910
1617404,1,0
435808,30,14303
387494,31,16176
1617493,1,0
1617235,1,0
1617245,1,0
1617350,1,0
272633,29,12231
-1,-1
-1,-1
-1,-1
-1,-1
-1,-1
-1,-1
-1,-1
-1,-1
-1,-1
-1,-1
-1,-1
-1,-1
-1,-1
-1,-1
-1,-1
-1,-1
-1,-1
-1,-1
-1,-1
-1,-1
-1,-1
-1,-1
-1,-1
-1,-1
-1,-1
-1,-1
-1,-1
-1,-1
-1,-1
-1,-1
-1,-1
-1,-1
-1,-1
-1,-1
-1,-1
-1,-1
-1,-1
-1,-1
-1,-1
-1,-1
-1,-1
-1,-1
-1,-1
-1,-1
-1,-1
-1,-1
-1,-1
-1,-1
-1,-1
-1,-1
-1,-1
-1,-1
-1,-1
-1,-1
96645,14
-1,-1
-1,-1
-1,-1
-1,-1
-1,-1
-1,-1
-1,-1
-1,-1
-1,-1
-1,-1
-1,-1
-1,-1
171520,158
-1,-1
-1,-1
