248446,1329,20778810
206980,70,741325
219329,68,613669
220118,73,1046587
225683,72,982643
239157,66,516799
308553,44,57196
289256,61,330771
425503,50,109468
211572,71,882465
326523,56,187155
302436,66,510412
128291,99,13037079
300606,51,118861
285155,51,112843
291915,62,339776
265610,41,42686
225433,70,763476
319021,51,115218
262118,48,83017
308385,32,16633
239712,47,82407
317619,35,23757
258024,45,64567
-1,-1
-1,-1
-1,-1
-1,-1
-1,-1
-1,-1
-1,-1
-1,-1
-1,-1
-1,-1
231559,1
-1,-1
-1,-1
-1,-1
-1,-1
-1,-1
178470,14
-1,-1
-1,-1
-1,-1
-1,-1
-1,-1
-1,-1
-1,-1
-1,-1
-1,-1
-1,-1
-1,-1
-1,-1
-1,-1
-1,-1
-1,-1
-1,-1
-1,-1
-1,-1
-1,-1
-1,-1
-1,-1
-1,-1
-1,-1
-1,-1
-1,-1
-1,-1
-1,-1
-1,-1
-1,-1
-1,-1
-1,-1
-1,-1
-1,-1
-1,-1
-1,-1
-1,-1
-1,-1
-1,-1
-1,-1
-1,-1
-1,-1
-1,-1
71132,7
-1,-1
-1,-1
-1,-1
127271,50
-1,-1
-1,-1
-1,-1
-1,-1
-1,-1
-1,-1
-1,-1
-1,-1
-1,-1
-1,-1
-1,-1
-1,-1
-1,-1
-1,-1
-1,-1
-1,-1
-1,-1
103097,538
-1,-1
-1,-1
-1,-1
