224465,1167,16862712
224940,60,277076
253861,48,84651
260302,56,192410
237985,60,283127
215643,60,274258
236038,44,57148
249228,59,248195
389556,45,66890
187691,69,691546
326926,46,69322
307944,57,218576
101890,99,13036619
237758,51,112021
217550,51,112399
339134,47,80685
206877,41,41603
171864,70,762946
257209,50,101511
285529,25,8000
238841,31,15582
178482,45,66021
414681,9,1000
202709,44,61126
-1,-1
-1,-1
-1,-1
-1,-1
-1,-1
-1,-1
-1,-1
-1,-1
-1,-1
-1,-1
-1,-1
-1,-1
-1,-1
-1,-1
-1,-1
-1,-1
109334,11
-1,-1
-1,-1
-1,-1
-1,-1
-1,-1
-1,-1
-1,-1
-1,-1
-1,-1
-1,-1
-1,-1
-1,-1
-1,-1
-1,-1
-1,-1
-1,-1
-1,-1
-1,-1
-1,-1
-1,-1
-1,-1
-1,-1
-1,-1
-1,-1
-1,-1
-1,-1
-1,-1
-1,-1
-1,-1
-1,-1
-1,-1
-1,-1
-1,-1
-1,-1
-1,-1
-1,-1
-1,-1
-1,-1
-1,-1
114431,17
-1,-1
-1,-1
-1,-1
-1,-1
-1,-1
-1,-1
-1,-1
-1,-1
-1,-1
-1,-1
-1,-1
-1,-1
-1,-1
-1,-1
-1,-1
81013,538
-1,-1
-1,-1
