221631,1167,16862712
222330,60,277076
250973,48,84651
257493,56,192410
235305,60,283127
213265,60,274258
233201,44,57148
246218,59,248195
385249,45,66890
184792,69,691546
323012,46,69322
304348,57,218576
100372,99,13036619
234097,51,112021
214520,51,112399
334396,47,80685
204392,41,41603
169606,70,762946
253759,50,101511
282363,25,8000
235667,31,15582
174803,45,66021
411453,9,1000
199866,44,61126
-1,-1
-1,-1
-1,-1
-1,-1
-1,-1
-1,-1
-1,-1
-1,-1
-1,-1
-1,-1
-1,-1
-1,-1
-1,-1
-1,-1
-1,-1
-1,-1
105054,11
-1,-1
-1,-1
-1,-1
-1,-1
-1,-1
-1,-1
-1,-1
-1,-1
-1,-1
-1,-1
-1,-1
-1,-1
-1,-1
-1,-1
-1,-1
-1,-1
-1,-1
-1,-1
-1,-1
-1,-1
-1,-1
-1,-1
-1,-1
-1,-1
-1,-1
-1,-1
-1,-1
-1,-1
-1,-1
-1,-1
-1,-1
-1,-1
-1,-1
-1,-1
-1,-1
-1,-1
-1,-1
-1,-1
-1,-1
110589,17
-1,-1
-1,-1
-1,-1
-1,-1
-1,-1
-1,-1
-1,-1
-1,-1
-1,-1
-1,-1
-1,-1
-1,-1
-1,-1
-1,-1
-1,-1
79722,538
-1,-1
-1,-1
