227894,1329,20778810
188880,70,741325
200578,68,613669
201309,73,1046587
206434,72,982643
220463,66,516799
282042,44,57196
264629,61,330771
395045,50,109468
193749,71,882465
303910,56,187155
280990,66,510412
119689,99,13037079
275429,51,118861
260098,51,112843
265058,62,339776
243945,41,42686
205306,70,763476
290340,51,115218
241128,48,83017
281613,32,16633
215192,47,82407
291208,35,23757
237934,45,64567
-1,-1
-1,-1
-1,-1
-1,-1
-1,-1
-1,-1
-1,-1
-1,-1
-1,-1
-1,-1
215380,1
-1,-1
-1,-1
-1,-1
-1,-1
-1,-1
153648,14
-1,-1
-1,-1
-1,-1
-1,-1
-1,-1
-1,-1
-1,-1
-1,-1
-1,-1
-1,-1
-1,-1
-1,-1
-1,-1
-1,-1
-1,-1
-1,-1
-1,-1
-1,-1
-1,-1
-1,-1
-1,-1
-1,-1
-1,-1
-1,-1
-1,-1
-1,-1
-1,-1
-1,-1
-1,-1
-1,-1
-1,-1
-1,-1
-1,-1
-1,-1
-1,-1
-1,-1
-1,-1
-1,-1
-1,-1
-1,-1
-1,-1
53213,7
-1,-1
-1,-1
-1,-1
111564,50
-1,-1
-1,-1
-1,-1
-1,-1
-1,-1
-1,-1
-1,-1
-1,-1
-1,-1
-1,-1
-1,-1
-1,-1
-1,-1
-1,-1
-1,-1
-1,-1
96067,538
-1,-1
-1,-1
