218433,1329,20778810
180876,70,741325
192218,68,613669
192626,73,1046587
197757,72,982643
211848,66,516799
270486,44,57196
253556,61,330771
381798,50,109468
185116,71,882465
293087,56,187155
271417,66,510412
115210,99,13037079
264375,51,118861
249355,51,112843
253066,62,339776
234422,41,42686
195719,70,763476
278365,51,115218
231592,48,83017
270817,32,16633
203996,47,82407
280400,35,23757
228733,45,64567
-1,-1
-1,-1
-1,-1
-1,-1
-1,-1
-1,-1
-1,-1
-1,-1
-1,-1
-1,-1
208077,1
-1,-1
-1,-1
-1,-1
-1,-1
-1,-1
142057,14
-1,-1
-1,-1
-1,-1
-1,-1
-1,-1
-1,-1
-1,-1
-1,-1
-1,-1
-1,-1
-1,-1
-1,-1
-1,-1
-1,-1
-1,-1
-1,-1
-1,-1
-1,-1
-1,-1
-1,-1
-1,-1
-1,-1
-1,-1
-1,-1
-1,-1
-1,-1
-1,-1
-1,-1
-1,-1
-1,-1
-1,-1
-1,-1
-1,-1
-1,-1
-1,-1
-1,-1
-1,-1
-1,-1
-1,-1
-1,-1
45161,7
-1,-1
-1,-1
-1,-1
105017,50
-1,-1
-1,-1
-1,-1
-1,-1
-1,-1
-1,-1
-1,-1
-1,-1
-1,-1
-1,-1
-1,-1
-1,-1
-1,-1
-1,-1
-1,-1
92450,538
-1,-1
-1,-1
