202427,1329,20778810
167605,70,741325
178158,68,613669
178798,73,1046587
183472,72,982643
197345,66,516799
250471,44,57196
234910,61,330771
358462,50,109468
170704,71,882465
273393,56,187155
254392,66,510412
107541,99,13037079
245970,51,118861
230970,51,112843
232136,62,339776
217716,41,42686
181561,70,763476
258037,51,115218
215504,48,83017
251655,32,16633
185118,47,82407
260993,35,23757
212372,45,64567
-1,-1
-1,-1
-1,-1
-1,-1
-1,-1
-1,-1
-1,-1
-1,-1
-1,-1
-1,-1
196474,1
-1,-1
-1,-1
-1,-1
-1,-1
-1,-1
122272,14
-1,-1
-1,-1
-1,-1
-1,-1
-1,-1
-1,-1
-1,-1
-1,-1
-1,-1
-1,-1
-1,-1
-1,-1
-1,-1
-1,-1
-1,-1
-1,-1
-1,-1
-1,-1
-1,-1
-1,-1
-1,-1
-1,-1
-1,-1
-1,-1
-1,-1
-1,-1
-1,-1
-1,-1
-1,-1
-1,-1
-1,-1
-1,-1
-1,-1
-1,-1
-1,-1
-1,-1
-1,-1
-1,-1
-1,-1
28990,7
-1,-1
-1,-1
-1,-1
93697,50
-1,-1
-1,-1
-1,-1
-1,-1
-1,-1
-1,-1
-1,-1
-1,-1
-1,-1
-1,-1
-1,-1
-1,-1
-1,-1
-1,-1
-1,-1
86388,538
-1,-1
-1,-1
