224685,1210,18105829
234340,60,277096
192659,61,330551
191602,70,789202
212011,67,563188
224515,60,274258
246288,44,57171
259499,59,248273
403861,45,67890
193510,69,721904
284484,54,156203
320586,57,218576
106883,99,13036619
247040,51,113021
227844,51,112399
353995,47,80685
215567,41,41603
179261,70,762950
268524,50,101511
296652,25,8000
247743,32,16582
189473,45,66021
426197,9,1000
212124,44,61126
-1,-1
-1,-1
-1,-1
-1,-1
-1,-1
-1,-1
-1,-1
-1,-1
-1,-1
-1,-1
-1,-1
-1,-1
-1,-1
-1,-1
-1,-1
-1,-1
121921,11
-1,-1
-1,-1
-1,-1
-1,-1
-1,-1
-1,-1
-1,-1
-1,-1
-1,-1
-1,-1
-1,-1
-1,-1
-1,-1
-1,-1
-1,-1
-1,-1
-1,-1
-1,-1
-1,-1
-1,-1
-1,-1
-1,-1
-1,-1
-1,-1
-1,-1
-1,-1
-1,-1
-1,-1
-1,-1
-1,-1
-1,-1
-1,-1
-1,-1
-1,-1
-1,-1
-1,-1
-1,-1
-1,-1
-1,-1
-1,-1
126404,17
-1,-1
-1,-1
-1,-1
-1,-1
-1,-1
-1,-1
-1,-1
-1,-1
-1,-1
-1,-1
-1,-1
-1,-1
-1,-1
-1,-1
-1,-1
85100,538
-1,-1
-1,-1
