262997,1329,20778810
221682,70,741325
235439,68,613669
236633,73,1046587
242040,72,982643
254258,66,516799
327285,44,57196
306457,61,330771
447821,50,109468
222101,71,882465
344025,56,187155
316467,66,510412
133068,99,13037079
317724,51,118861
301342,51,112843
308396,62,339776
280451,41,42686
237560,70,763476
339865,51,115218
275672,48,83017
328243,32,16633
257517,47,82407
336343,35,23757
271317,45,64567
-1,-1
-1,-1
-1,-1
-1,-1
-1,-1
-1,-1
-1,-1
-1,-1
-1,-1
-1,-1
241365,1
-1,-1
-1,-1
-1,-1
-1,-1
-1,-1
196146,14
-1,-1
-1,-1
-1,-1
-1,-1
-1,-1
-1,-1
-1,-1
-1,-1
-1,-1
-1,-1
-1,-1
-1,-1
-1,-1
-1,-1
-1,-1
-1,-1
-1,-1
-1,-1
-1,-1
-1,-1
-1,-1
-1,-1
-1,-1
-1,-1
-1,-1
-1,-1
-1,-1
-1,-1
-1,-1
-1,-1
-1,-1
-1,-1
-1,-1
-1,-1
-1,-1
-1,-1
-1,-1
-1,-1
-1,-1
-1,-1
-1,-1
-1,-1
-1,-1
81860,7
-1,-1
-1,-1
-1,-1
139013,50
-1,-1
-1,-1
-1,-1
-1,-1
-1,-1
-1,-1
-1,-1
-1,-1
-1,-1
-1,-1
-1,-1
-1,-1
-1,-1
-1,-1
-1,-1
-1,-1
-1,-1
107696,538
-1,-1
-1,-1
-1,-1
