214842,1329,20778810
178072,70,741325
189135,68,613669
189592,73,1046587
194655,72,982643
208764,66,516799
266119,44,57196
249385,61,330771
376368,50,109468
181908,71,882465
288940,56,187155
267566,66,510412
113733,99,13037079
260213,51,118861
245192,51,112843
248539,62,339776
230758,41,42686
192505,70,763476
273868,51,115218
228156,48,83017
266664,32,16633
199742,47,82407
276234,35,23757
225239,45,64567
-1,-1
-1,-1
-1,-1
-1,-1
-1,-1
-1,-1
-1,-1
-1,-1
-1,-1
-1,-1
205344,1
-1,-1
-1,-1
-1,-1
-1,-1
-1,-1
137602,14
-1,-1
-1,-1
-1,-1
-1,-1
-1,-1
-1,-1
-1,-1
-1,-1
-1,-1
-1,-1
-1,-1
-1,-1
-1,-1
-1,-1
-1,-1
-1,-1
-1,-1
-1,-1
-1,-1
-1,-1
-1,-1
-1,-1
-1,-1
-1,-1
-1,-1
-1,-1
-1,-1
-1,-1
-1,-1
-1,-1
-1,-1
-1,-1
-1,-1
-1,-1
-1,-1
-1,-1
-1,-1
-1,-1
-1,-1
42138,7
-1,-1
-1,-1
-1,-1
102389,50
-1,-1
-1,-1
-1,-1
-1,-1
-1,-1
-1,-1
-1,-1
-1,-1
-1,-1
-1,-1
-1,-1
-1,-1
-1,-1
-1,-1
-1,-1
91271,538
-1,-1
-1,-1
