305099,1330,20778810
261568,70,741325
275992,68,613669
278269,73,1046587
283813,72,982643
293114,66,516799
376061,44,57196
352476,61,330771
500034,50,109468
260146,71,882465
387117,56,187155
355294,66,510412
144022,99,13037079
362863,51,118861
347712,51,112843
357454,62,339776
320478,41,42686
274033,70,763476
391966,51,115218
316306,48,83017
375829,32,16633
298712,47,82407
383943,35,23757
312408,45,64567
-1,1,0
-1,-1
-1,-1
-1,-1
-1,-1
-1,-1
-1,-1
-1,-1
-1,-1
-1,-1
-1,-1
-1,-1
270636,1
-1,-1
-1,-1
-1,-1
-1,-1
-1,-1
236851,14
-1,-1
-1,-1
-1,-1
-1,-1
-1,-1
-1,-1
-1,-1
-1,-1
-1,0
-1,-1
-1,-1
-1,-1
-1,-1
-1,-1
-1,-1
-1,-1
-1,-1
-1,-1
-1,-1
-1,-1
-1,-1
-1,-1
-1,-1
-1,-1
-1,-1
-1,-1
-1,-1
-1,-1
-1,-1
-1,-1
-1,-1
-1,-1
-1,-1
-1,-1
-1,-1
-1,-1
-1,-1
-1,0
-1,-1
-1,-1
-1,-1
-1,-1
-1,-1
-1,-1
-1,-1
107881,7
-1,-1
-1,-1
-1,-1
-1,-1
171221,50
-1,-1
-1,-1
-1,-1
-1,-1
-1,-1
-1,-1
-1,-1
-1,-1
-1,-1
-1,-1
-1,-1
-1,-1
-1,-1
-1,-1
-1,-1
-1,-1
-1,-1
116215,538
-1,-1
-1,-1
-1,-1
