235105,1329,20778810
195146,70,741325
207069,68,613669
208071,73,1046587
213312,72,982643
227209,66,516799
291180,44,57196
273217,61,330771
405729,50,109468
200367,71,882465
311976,56,187155
288781,66,510412
122759,99,13037079
284069,51,118861
268861,51,112843
274598,62,339776
251490,41,42686
212095,70,763476
299873,51,115218
248525,48,83017
290435,32,16633
223824,47,82407
299937,35,23757
244957,45,64567
-1,-1
-1,-1
-1,-1
-1,-1
-1,-1
-1,-1
-1,-1
-1,-1
-1,-1
-1,-1
221130,1
-1,-1
-1,-1
-1,-1
-1,-1
-1,-1
162452,14
-1,-1
-1,-1
-1,-1
-1,-1
-1,-1
-1,-1
-1,-1
-1,-1
-1,-1
-1,-1
-1,-1
-1,-1
-1,-1
-1,-1
-1,-1
-1,-1
-1,-1
-1,-1
-1,-1
-1,-1
-1,-1
-1,-1
-1,-1
-1,-1
-1,-1
-1,-1
-1,-1
-1,-1
-1,-1
-1,-1
-1,-1
-1,-1
-1,-1
-1,-1
-1,-1
-1,-1
-1,-1
-1,-1
-1,-1
-1,-1
-1,-1
-1,-1
59198,7
-1,-1
-1,-1
-1,-1
116703,50
-1,-1
-1,-1
-1,-1
-1,-1
-1,-1
-1,-1
-1,-1
-1,-1
-1,-1
-1,-1
-1,-1
-1,-1
-1,-1
-1,-1
-1,-1
-1,-1
-1,-1
98410,538
-1,-1
-1,-1
