254686,1329,20778810
212999,70,741325
226217,68,613669
227109,73,1046587
232451,72,982643
245687,66,516799
317456,44,57196
296719,61,330771
436727,50,109468
216384,71,882465
334839,56,187155
308869,66,510412
130678,99,13037079
308261,51,118861
292414,51,112843
299318,62,339776
272116,41,42686
230977,70,763476
328765,51,115218
268022,48,83017
317644,32,16633
248465,47,82407
326388,35,23757
263812,45,64567
-1,-1
-1,-1
-1,-1
-1,-1
-1,-1
-1,-1
-1,-1
-1,-1
-1,-1
-1,-1
235982,1
-1,-1
-1,-1
-1,-1
-1,-1
-1,-1
187148,14
-1,-1
-1,-1
-1,-1
-1,-1
-1,-1
-1,-1
-1,-1
-1,-1
-1,-1
-1,-1
-1,-1
-1,-1
-1,-1
-1,-1
-1,-1
-1,-1
-1,-1
-1,-1
-1,-1
-1,-1
-1,-1
-1,-1
-1,-1
-1,-1
-1,-1
-1,-1
-1,-1
-1,-1
-1,-1
-1,-1
-1,-1
-1,-1
-1,-1
-1,-1
-1,-1
-1,-1
-1,-1
-1,-1
-1,-1
-1,-1
-1,-1
-1,-1
-1,-1
76578,7
-1,-1
-1,-1
-1,-1
132914,50
-1,-1
-1,-1
-1,-1
-1,-1
-1,-1
-1,-1
-1,-1
-1,-1
-1,-1
-1,-1
-1,-1
-1,-1
-1,-1
-1,-1
-1,-1
-1,-1
-1,-1
105385,538
-1,-1
-1,-1
-1,-1
