244896,1329,20778810
203880,70,741325
216039,68,613669
216994,73,1046587
222450,72,982643
236033,66,516799
303793,44,57196
284943,61,330771
420047,50,109468
208669,71,882465
322657,56,187155
298823,66,510412
126895,99,13037079
296101,51,118861
280895,51,112843
287515,62,339776
261835,41,42686
221932,70,763476
313640,51,115218
258497,48,83017
303561,32,16633
235349,47,82407
312996,35,23757
254596,45,64567
-1,-1
-1,-1
-1,-1
-1,-1
-1,-1
-1,-1
-1,-1
-1,-1
-1,-1
-1,-1
228797,1
-1,-1
-1,-1
-1,-1
-1,-1
-1,-1
174001,14
-1,-1
-1,-1
-1,-1
-1,-1
-1,-1
-1,-1
-1,-1
-1,-1
-1,-1
-1,-1
-1,-1
-1,-1
-1,-1
-1,-1
-1,-1
-1,-1
-1,-1
-1,-1
-1,-1
-1,-1
-1,-1
-1,-1
-1,-1
-1,-1
-1,-1
-1,-1
-1,-1
-1,-1
-1,-1
-1,-1
-1,-1
-1,-1
-1,-1
-1,-1
-1,-1
-1,-1
-1,-1
-1,-1
-1,-1
-1,-1
-1,-1
-1,-1
68032,7
-1,-1
-1,-1
-1,-1
124440,50
-1,-1
-1,-1
-1,-1
-1,-1
-1,-1
-1,-1
-1,-1
-1,-1
-1,-1
-1,-1
-1,-1
-1,-1
-1,-1
-1,-1
-1,-1
-1,-1
-1,-1
101788,538
-1,-1
-1,-1
-1,-1
