279213,1330,20778810
236869,70,741325
250824,68,613669
252327,73,1046587
257756,72,982643
268549,66,516799
344592,44,57196
323547,61,330771
466886,50,109468
236143,71,882465
361530,56,187155
331023,66,510412
137814,99,13037079
335236,51,118861
318587,51,112843
327274,62,339776
295524,41,42686
251565,70,763476
360394,51,115218
290642,48,83017
346994,32,16633
273794,47,82407
354916,35,23757
287635,45,64567
-1,1,0
-1,-1
-1,-1
-1,-1
-1,-1
-1,-1
-1,-1
-1,-1
-1,-1
-1,-1
-1,-1
-1,-1
252071,1
-1,-1
-1,-1
-1,-1
-1,-1
-1,-1
212006,14
-1,-1
-1,-1
-1,-1
-1,-1
-1,-1
-1,-1
-1,-1
-1,-1
-1,-1
-1,-1
-1,-1
-1,-1
-1,-1
-1,-1
-1,-1
-1,-1
-1,-1
-1,-1
-1,-1
-1,-1
-1,-1
-1,-1
-1,-1
-1,-1
-1,-1
-1,-1
-1,-1
-1,-1
-1,-1
-1,-1
-1,-1
-1,-1
-1,-1
-1,-1
-1,-1
-1,-1
-1,-1
-1,-1
-1,-1
-1,-1
-1,-1
-1,-1
-1,-1
91376,7
-1,-1
-1,-1
-1,-1
-1,-1
152057,50
-1,-1
-1,-1
-1,-1
-1,-1
-1,-1
-1,-1
-1,-1
-1,-1
-1,-1
-1,-1
-1,-1
-1,-1
-1,-1
-1,-1
-1,-1
-1,-1
-1,-1
112394,538
-1,-1
-1,-1
-1,-1
