227949,1329,20778810
188939,70,741325
200628,68,613669
201362,73,1046587
206483,72,982643
220512,66,516799
282114,44,57196
264696,61,330771
395141,50,109468
193810,71,882465
303984,56,187155
281051,66,510412
119720,99,13037079
275515,51,118861
260169,51,112843
265153,62,339776
244003,41,42686
205360,70,763476
290397,51,115218
241180,48,83017
281676,32,16633
215276,47,82407
291271,35,23757
237997,45,64567
-1,-1
-1,-1
-1,-1
-1,-1
-1,-1
-1,-1
-1,-1
-1,-1
-1,-1
-1,-1
215404,1
-1,-1
-1,-1
-1,-1
-1,-1
-1,-1
153715,14
-1,-1
-1,-1
-1,-1
-1,-1
-1,-1
-1,-1
-1,-1
-1,-1
-1,-1
-1,-1
-1,-1
-1,-1
-1,-1
-1,-1
-1,-1
-1,-1
-1,-1
-1,-1
-1,-1
-1,-1
-1,-1
-1,-1
-1,-1
-1,-1
-1,-1
-1,-1
-1,-1
-1,-1
-1,-1
-1,-1
-1,-1
-1,-1
-1,-1
-1,-1
-1,-1
-1,-1
-1,-1
-1,-1
-1,-1
-1,-1
-1,-1
53260,7
-1,-1
-1,-1
-1,-1
111602,50
-1,-1
-1,-1
-1,-1
-1,-1
-1,-1
-1,-1
-1,-1
-1,-1
-1,-1
-1,-1
-1,-1
-1,-1
-1,-1
-1,-1
-1,-1
-1,-1
96084,538
-1,-1
-1,-1
