221641,1329,20778810
183681,70,741325
195106,68,613669
195672,73,1046587
200840,72,982643
214827,66,516799
274362,44,57196
257317,61,330771
386354,50,109468
188082,71,882465
296847,56,187155
274796,66,510412
116594,99,13037079
268133,51,118861
253082,51,112843
257250,62,339776
237691,41,42686
199290,70,763476
282540,51,115218
234872,48,83017
274430,32,16633
207795,47,82407
284116,35,23757
231960,45,64567
-1,-1
-1,-1
-1,-1
-1,-1
-1,-1
-1,-1
-1,-1
-1,-1
-1,-1
-1,-1
210602,1
-1,-1
-1,-1
-1,-1
-1,-1
-1,-1
145930,14
-1,-1
-1,-1
-1,-1
-1,-1
-1,-1
-1,-1
-1,-1
-1,-1
-1,-1
-1,-1
-1,-1
-1,-1
-1,-1
-1,-1
-1,-1
-1,-1
-1,-1
-1,-1
-1,-1
-1,-1
-1,-1
-1,-1
-1,-1
-1,-1
-1,-1
-1,-1
-1,-1
-1,-1
-1,-1
-1,-1
-1,-1
-1,-1
-1,-1
-1,-1
-1,-1
-1,-1
-1,-1
-1,-1
-1,-1
-1,-1
-1,-1
47874,7
-1,-1
-1,-1
-1,-1
107345,50
-1,-1
-1,-1
-1,-1
-1,-1
-1,-1
-1,-1
-1,-1
-1,-1
-1,-1
-1,-1
-1,-1
-1,-1
-1,-1
-1,-1
-1,-1
-1,-1
93560,538
-1,-1
-1,-1
