224562,1167,16862712
225015,60,277076
253946,48,84651
260394,56,192410
238044,60,283127
215703,60,274258
236129,44,57148
249326,59,248195
389684,45,66890
187775,69,691546
327065,46,69322
308084,57,218576
101937,99,13036619
237858,51,112021
217636,51,112399
339270,47,80685
206946,41,41603
171918,70,762946
257314,50,101511
285634,25,8000
238943,31,15582
178596,45,66021
414794,9,1000
202798,44,61126
-1,-1
-1,-1
-1,-1
-1,-1
-1,-1
-1,-1
-1,-1
-1,-1
-1,-1
-1,-1
-1,-1
-1,-1
-1,-1
-1,-1
-1,-1
-1,-1
109499,11
-1,-1
-1,-1
-1,-1
-1,-1
-1,-1
-1,-1
-1,-1
-1,-1
-1,-1
-1,-1
-1,-1
-1,-1
-1,-1
-1,-1
-1,-1
-1,-1
-1,-1
-1,-1
-1,-1
-1,-1
-1,-1
-1,-1
-1,-1
-1,-1
-1,-1
-1,-1
-1,-1
-1,-1
-1,-1
-1,-1
-1,-1
-1,-1
-1,-1
-1,-1
-1,-1
-1,-1
-1,-1
-1,-1
-1,-1
114574,17
-1,-1
-1,-1
-1,-1
-1,-1
-1,-1
-1,-1
-1,-1
-1,-1
-1,-1
-1,-1
-1,-1
-1,-1
-1,-1
-1,-1
-1,-1
81052,538
-1,-1
-1,-1
