224575,1167,16862712
225020,60,277076
253961,48,84651
260403,56,192410
238054,60,283127
215711,60,274258
236136,44,57148
249338,59,248195
389704,45,66890
187785,69,691546
327081,46,69322
308099,57,218576
101944,99,13036619
237870,51,112021
217652,51,112399
339283,47,80685
206951,41,41603
171924,70,762946
257330,50,101511
285650,25,8000
238960,31,15582
178606,45,66021
414805,9,1000
202813,44,61126
-1,-1
-1,-1
-1,-1
-1,-1
-1,-1
-1,-1
-1,-1
-1,-1
-1,-1
-1,-1
-1,-1
-1,-1
-1,-1
-1,-1
-1,-1
-1,-1
109516,11
-1,-1
-1,-1
-1,-1
-1,-1
-1,-1
-1,-1
-1,-1
-1,-1
-1,-1
-1,-1
-1,-1
-1,-1
-1,-1
-1,-1
-1,-1
-1,-1
-1,-1
-1,-1
-1,-1
-1,-1
-1,-1
-1,-1
-1,-1
-1,-1
-1,-1
-1,-1
-1,-1
-1,-1
-1,-1
-1,-1
-1,-1
-1,-1
-1,-1
-1,-1
-1,-1
-1,-1
-1,-1
-1,-1
-1,-1
114585,17
-1,-1
-1,-1
-1,-1
-1,-1
-1,-1
-1,-1
-1,-1
-1,-1
-1,-1
-1,-1
-1,-1
-1,-1
-1,-1
-1,-1
-1,-1
81055,538
-1,-1
-1,-1
