269097,1329,20778810
227908,70,741325
241660,68,613669
242990,73,1046587
248363,72,982643
259971,66,516799
334009,44,57196
312893,61,330771
454689,50,109468
226761,71,882465
350142,56,187155
321804,66,510412
134295,99,13037079
323979,51,118861
307805,51,112843
314845,62,339776
286355,41,42686
242449,70,763476
347253,51,115218
281545,48,83017
335141,32,16633
263328,47,82407
343173,35,23757
276692,45,64567
-1,-1
-1,-1
-1,-1
-1,-1
-1,-1
-1,-1
-1,-1
-1,-1
-1,-1
-1,-1
245874,1
-1,-1
-1,-1
-1,-1
-1,-1
-1,-1
201820,14
-1,-1
-1,-1
-1,-1
-1,-1
-1,-1
-1,-1
-1,-1
-1,-1
-1,-1
-1,-1
-1,-1
-1,-1
-1,-1
-1,-1
-1,-1
-1,-1
-1,-1
-1,-1
-1,-1
-1,-1
-1,-1
-1,-1
-1,-1
-1,-1
-1,-1
-1,-1
-1,-1
-1,-1
-1,-1
-1,-1
-1,-1
-1,-1
-1,-1
-1,-1
-1,-1
-1,-1
-1,-1
-1,-1
-1,-1
-1,-1
-1,-1
-1,-1
-1,-1
86140,7
-1,-1
-1,-1
-1,-1
143128,50
-1,-1
-1,-1
-1,-1
-1,-1
-1,-1
-1,-1
-1,-1
-1,-1
-1,-1
-1,-1
-1,-1
-1,-1
-1,-1
-1,-1
-1,-1
-1,-1
-1,-1
108710,538
-1,-1
-1,-1
-1,-1
