226179,1169,16895918
226909,60,277096
256125,48,84651
260556,57,203326
239567,60,286760
217643,60,274258
238185,44,57148
251417,59,248273
391627,45,67890
187865,69,707101
329864,46,69322
310831,57,218576
102937,99,13036619
238939,51,113021
219781,51,112399
342335,47,80685
208796,41,41603
173486,70,762950
259615,50,101511
287756,25,8000
239690,32,16582
180929,45,66021
417042,9,1000
204768,44,61126
-1,-1
-1,-1
-1,-1
-1,-1
-1,-1
-1,-1
-1,-1
-1,-1
-1,-1
-1,-1
-1,-1
-1,-1
-1,-1
-1,-1
-1,-1
-1,-1
112206,11
-1,-1
-1,-1
-1,-1
-1,-1
-1,-1
-1,-1
-1,-1
-1,-1
-1,-1
-1,-1
-1,-1
-1,-1
-1,-1
-1,-1
-1,-1
-1,-1
-1,-1
-1,-1
-1,-1
-1,-1
-1,-1
-1,-1
-1,-1
-1,-1
-1,-1
-1,-1
-1,-1
-1,-1
-1,-1
-1,-1
-1,-1
-1,-1
-1,-1
-1,-1
-1,-1
-1,-1
-1,-1
-1,-1
-1,-1
117467,17
-1,-1
-1,-1
-1,-1
-1,-1
-1,-1
-1,-1
-1,-1
-1,-1
-1,-1
-1,-1
-1,-1
-1,-1
-1,-1
-1,-1
-1,-1
81877,538
-1,-1
-1,-1
