263251,1329,20778810
221939,70,741325
235651,68,613669
236878,73,1046587
242244,72,982643
254455,66,516799
327551,44,57196
306718,61,330771
448077,50,109468
222272,71,882465
344298,56,187155
316658,66,510412
133128,99,13037079
317989,51,118861
301593,51,112843
308627,62,339776
280704,41,42686
237758,70,763476
340222,51,115218
275926,48,83017
328510,32,16633
257802,47,82407
336606,35,23757
271541,45,64567
-1,-1
-1,-1
-1,-1
-1,-1
-1,-1
-1,-1
-1,-1
-1,-1
-1,-1
-1,-1
241553,1
-1,-1
-1,-1
-1,-1
-1,-1
-1,-1
196400,14
-1,-1
-1,-1
-1,-1
-1,-1
-1,-1
-1,-1
-1,-1
-1,-1
-1,-1
-1,-1
-1,-1
-1,-1
-1,-1
-1,-1
-1,-1
-1,-1
-1,-1
-1,-1
-1,-1
-1,-1
-1,-1
-1,-1
-1,-1
-1,-1
-1,-1
-1,-1
-1,-1
-1,-1
-1,-1
-1,-1
-1,-1
-1,-1
-1,-1
-1,-1
-1,-1
-1,-1
-1,-1
-1,-1
-1,-1
-1,-1
-1,-1
-1,-1
-1,-1
82014,7
-1,-1
-1,-1
-1,-1
139173,50
-1,-1
-1,-1
-1,-1
-1,-1
-1,-1
-1,-1
-1,-1
-1,-1
-1,-1
-1,-1
-1,-1
-1,-1
-1,-1
-1,-1
-1,-1
-1,-1
-1,-1
107780,538
-1,-1
-1,-1
-1,-1
