205745,1329,20778810
170357,70,741325
181162,68,613669
181687,73,1046587
186332,72,982643
200311,66,516799
254421,44,57196
238513,61,330771
363031,50,109468
173618,71,882465
277551,56,187155
257699,66,510412
109179,99,13037079
249696,51,118861
234751,51,112843
236188,62,339776
221134,41,42686
184244,70,763476
262421,51,115218
218881,48,83017
255659,32,16633
188816,47,82407
265261,35,23757
215764,45,64567
-1,-1
-1,-1
-1,-1
-1,-1
-1,-1
-1,-1
-1,-1
-1,-1
-1,-1
-1,-1
198618,1
-1,-1
-1,-1
-1,-1
-1,-1
-1,-1
126034,14
-1,-1
-1,-1
-1,-1
-1,-1
-1,-1
-1,-1
-1,-1
-1,-1
-1,-1
-1,-1
-1,-1
-1,-1
-1,-1
-1,-1
-1,-1
-1,-1
-1,-1
-1,-1
-1,-1
-1,-1
-1,-1
-1,-1
-1,-1
-1,-1
-1,-1
-1,-1
-1,-1
-1,-1
-1,-1
-1,-1
-1,-1
-1,-1
-1,-1
-1,-1
-1,-1
-1,-1
-1,-1
-1,-1
-1,-1
32815,7
-1,-1
-1,-1
-1,-1
95953,50
-1,-1
-1,-1
-1,-1
-1,-1
-1,-1
-1,-1
-1,-1
-1,-1
-1,-1
-1,-1
-1,-1
-1,-1
-1,-1
-1,-1
-1,-1
87756,538
-1,-1
-1,-1
