291981,1330,20778810
248710,70,741325
262736,68,613669
264646,73,1046587
270135,72,982643
280287,66,516799
360168,44,57196
337841,61,330771
483169,50,109468
247855,71,882465
374216,56,187155
342943,66,510412
140990,99,13037079
348868,51,118861
332897,51,112843
342212,62,339776
307742,41,42686
262661,70,763476
376348,51,115218
303066,48,83017
361486,32,16633
286364,47,82407
369341,35,23757
300100,45,64567
-1,1,0
-1,-1
-1,-1
-1,-1
-1,-1
-1,-1
-1,-1
-1,-1
-1,-1
-1,-1
-1,-1
-1,-1
261027,1
-1,-1
-1,-1
-1,-1
-1,-1
-1,-1
224639,14
-1,-1
-1,-1
-1,-1
-1,-1
-1,-1
-1,-1
-1,-1
-1,-1
-1,0
-1,-1
-1,-1
-1,-1
-1,-1
-1,-1
-1,-1
-1,-1
-1,-1
-1,-1
-1,-1
-1,-1
-1,-1
-1,-1
-1,-1
-1,-1
-1,-1
-1,-1
-1,-1
-1,-1
-1,-1
-1,-1
-1,-1
-1,-1
-1,-1
-1,-1
-1,-1
-1,-1
-1,-1
-1,-1
-1,-1
-1,-1
-1,-1
-1,-1
-1,-1
-1,-1
99667,7
-1,-1
-1,-1
-1,-1
-1,-1
161631,50
-1,-1
-1,-1
-1,-1
-1,-1
-1,-1
-1,-1
-1,-1
-1,-1
-1,-1
-1,-1
-1,-1
-1,-1
-1,-1
-1,-1
-1,-1
-1,-1
-1,-1
114543,538
-1,-1
-1,-1
-1,-1
