284194,1330,20778810
240990,70,741325
254961,68,613669
256754,73,1046587
262069,72,982643
272661,66,516799
350143,44,57196
329244,61,330771
473232,50,109468
240622,71,882465
367209,56,187155
335690,66,510412
139653,99,13037079
340888,51,118861
324022,51,112843
333286,62,339776
300044,41,42686
256351,70,763476
367237,51,115218
295082,48,83017
353232,32,16633
279090,47,82407
361090,35,23757
292641,45,64567
-1,1,0
-1,-1
-1,-1
-1,-1
-1,-1
-1,-1
-1,-1
-1,-1
-1,-1
-1,-1
-1,-1
-1,-1
255112,1
-1,-1
-1,-1
-1,-1
-1,-1
-1,-1
217321,14
-1,-1
-1,-1
-1,-1
-1,-1
-1,-1
-1,-1
-1,-1
-1,-1
-1,-1
-1,-1
-1,-1
-1,-1
-1,-1
-1,-1
-1,-1
-1,-1
-1,-1
-1,-1
-1,-1
-1,-1
-1,-1
-1,-1
-1,-1
-1,-1
-1,-1
-1,-1
-1,-1
-1,-1
-1,-1
-1,-1
-1,-1
-1,-1
-1,-1
-1,-1
-1,-1
-1,-1
-1,-1
-1,-1
-1,-1
-1,-1
-1,-1
-1,-1
-1,-1
94072,7
-1,-1
-1,-1
-1,-1
-1,-1
155821,50
-1,-1
-1,-1
-1,-1
-1,-1
-1,-1
-1,-1
-1,-1
-1,-1
-1,-1
-1,-1
-1,-1
-1,-1
-1,-1
-1,-1
-1,-1
-1,-1
-1,-1
114285,538
-1,-1
-1,-1
-1,-1
