245017,1329,20778810
203987,70,741325
216160,68,613669
217113,73,1046587
222577,72,982643
236148,66,516799
303967,44,57196
285089,61,330771
420257,50,109468
208766,71,882465
322818,56,187155
298968,66,510412
126967,99,13037079
296258,51,118861
281060,51,112843
287653,62,339776
261963,41,42686
222073,70,763476
313834,51,115218
258655,48,83017
303730,32,16633
235489,47,82407
313173,35,23757
254735,45,64567
-1,-1
-1,-1
-1,-1
-1,-1
-1,-1
-1,-1
-1,-1
-1,-1
-1,-1
-1,-1
228900,1
-1,-1
-1,-1
-1,-1
-1,-1
-1,-1
174139,14
-1,-1
-1,-1
-1,-1
-1,-1
-1,-1
-1,-1
-1,-1
-1,-1
-1,-1
-1,-1
-1,-1
-1,-1
-1,-1
-1,-1
-1,-1
-1,-1
-1,-1
-1,-1
-1,-1
-1,-1
-1,-1
-1,-1
-1,-1
-1,-1
-1,-1
-1,-1
-1,-1
-1,-1
-1,-1
-1,-1
-1,-1
-1,-1
-1,-1
-1,-1
-1,-1
-1,-1
-1,-1
-1,-1
-1,-1
-1,-1
-1,-1
-1,-1
68123,7
-1,-1
-1,-1
-1,-1
124540,50
-1,-1
-1,-1
-1,-1
-1,-1
-1,-1
-1,-1
-1,-1
-1,-1
-1,-1
-1,-1
-1,-1
-1,-1
-1,-1
-1,-1
-1,-1
-1,-1
-1,-1
101850,538
-1,-1
-1,-1
-1,-1
