230207,1329,20778810
190837,70,741325
202596,68,613669
203389,73,1046587
208556,72,982643
222556,66,516799
284796,44,57196
267267,61,330771
398334,50,109468
195859,71,882465
306454,56,187155
283415,66,510412
120643,99,13037079
278142,51,118861
262893,51,112843
268047,62,339776
246265,41,42686
207507,70,763476
293161,51,115218
243409,48,83017
284222,32,16633
217818,47,82407
293793,35,23757
240079,45,64567
-1,-1
-1,-1
-1,-1
-1,-1
-1,-1
-1,-1
-1,-1
-1,-1
-1,-1
-1,-1
217046,1
-1,-1
-1,-1
-1,-1
-1,-1
-1,-1
156343,14
-1,-1
-1,-1
-1,-1
-1,-1
-1,-1
-1,-1
-1,-1
-1,-1
-1,-1
-1,-1
-1,-1
-1,-1
-1,-1
-1,-1
-1,-1
-1,-1
-1,-1
-1,-1
-1,-1
-1,-1
-1,-1
-1,-1
-1,-1
-1,-1
-1,-1
-1,-1
-1,-1
-1,-1
-1,-1
-1,-1
-1,-1
-1,-1
-1,-1
-1,-1
-1,-1
-1,-1
-1,-1
-1,-1
-1,-1
-1,-1
-1,-1
55072,7
-1,-1
-1,-1
-1,-1
113007,50
-1,-1
-1,-1
-1,-1
-1,-1
-1,-1
-1,-1
-1,-1
-1,-1
-1,-1
-1,-1
-1,-1
-1,-1
-1,-1
-1,-1
-1,-1
-1,-1
96811,538
-1,-1
-1,-1
