219148,1167,16862712
220024,60,277076
248451,48,84651
254893,56,192410
232866,60,283127
210985,60,274258
230692,44,57148
243578,59,248195
381455,45,66890
182488,69,691546
319468,46,69322
301078,57,218576
98975,99,13036619
230913,51,112021
211882,51,112399
329984,47,80685
202103,41,41603
167506,70,762946
250854,50,101511
279597,25,8000
233017,31,15582
171647,45,66021
409145,9,1000
197497,44,61126
-1,-1
-1,-1
-1,-1
-1,-1
-1,-1
-1,-1
-1,-1
-1,-1
-1,-1
-1,-1
-1,-1
-1,-1
-1,-1
-1,-1
-1,-1
-1,-1
101378,11
-1,-1
-1,-1
-1,-1
-1,-1
-1,-1
-1,-1
-1,-1
-1,-1
-1,-1
-1,-1
-1,-1
-1,-1
-1,-1
-1,-1
-1,-1
-1,-1
-1,-1
-1,-1
-1,-1
-1,-1
-1,-1
-1,-1
-1,-1
-1,-1
-1,-1
-1,-1
-1,-1
-1,-1
-1,-1
-1,-1
-1,-1
-1,-1
-1,-1
-1,-1
-1,-1
-1,-1
-1,-1
-1,-1
-1,-1
107155,17
-1,-1
-1,-1
-1,-1
-1,-1
-1,-1
-1,-1
-1,-1
-1,-1
-1,-1
-1,-1
-1,-1
-1,-1
-1,-1
-1,-1
-1,-1
78615,538
-1,-1
-1,-1
