211872,1329,20778810
175535,70,741325
186530,68,613669
187046,73,1046587
191930,72,982643
205960,66,516799
262128,44,57196
245722,61,330771
371824,50,109468
179140,71,882465
285373,56,187155
264197,66,510412
112399,99,13037079
256628,51,118861
241551,51,112843
244461,62,339776
227533,41,42686
189753,70,763476
269970,51,115218
225122,48,83017
262957,32,16633
196172,47,82407
272561,35,23757
222146,45,64567
-1,-1
-1,-1
-1,-1
-1,-1
-1,-1
-1,-1
-1,-1
-1,-1
-1,-1
-1,-1
203061,1
-1,-1
-1,-1
-1,-1
-1,-1
-1,-1
133836,14
-1,-1
-1,-1
-1,-1
-1,-1
-1,-1
-1,-1
-1,-1
-1,-1
-1,-1
-1,-1
-1,-1
-1,-1
-1,-1
-1,-1
-1,-1
-1,-1
-1,-1
-1,-1
-1,-1
-1,-1
-1,-1
-1,-1
-1,-1
-1,-1
-1,-1
-1,-1
-1,-1
-1,-1
-1,-1
-1,-1
-1,-1
-1,-1
-1,-1
-1,-1
-1,-1
-1,-1
-1,-1
-1,-1
-1,-1
39197,7
-1,-1
-1,-1
-1,-1
100367,50
-1,-1
-1,-1
-1,-1
-1,-1
-1,-1
-1,-1
-1,-1
-1,-1
-1,-1
-1,-1
-1,-1
-1,-1
-1,-1
-1,-1
-1,-1
90273,538
-1,-1
-1,-1
