301880,1330,20778810
258384,70,741325
272668,68,613669
274955,73,1046587
280502,72,982643
289921,66,516799
372003,44,57196
348648,61,330771
495689,50,109468
256915,71,882465
383865,56,187155
352220,66,510412
143122,99,13037079
359294,51,118861
343940,51,112843
353651,62,339776
317211,41,42686
271031,70,763476
388111,51,115218
312913,48,83017
372028,32,16633
295455,47,82407
380160,35,23757
309304,45,64567
-1,1,0
-1,-1
-1,-1
-1,-1
-1,-1
-1,-1
-1,-1
-1,-1
-1,-1
-1,-1
-1,-1
-1,-1
268341,1
-1,-1
-1,-1
-1,-1
-1,-1
-1,-1
233649,14
-1,-1
-1,-1
-1,-1
-1,-1
-1,-1
-1,-1
-1,-1
-1,-1
-1,0
-1,-1
-1,-1
-1,-1
-1,-1
-1,-1
-1,-1
-1,-1
-1,-1
-1,-1
-1,-1
-1,-1
-1,-1
-1,-1
-1,-1
-1,-1
-1,-1
-1,-1
-1,-1
-1,-1
-1,-1
-1,-1
-1,-1
-1,-1
-1,-1
-1,-1
-1,-1
-1,-1
-1,-1
-1,-1
-1,-1
-1,-1
-1,-1
-1,-1
-1,-1
-1,-1
105878,7
-1,-1
-1,-1
-1,-1
-1,-1
168841,50
-1,-1
-1,-1
-1,-1
-1,-1
-1,-1
-1,-1
-1,-1
-1,-1
-1,-1
-1,-1
-1,-1
-1,-1
-1,-1
-1,-1
-1,-1
-1,-1
-1,-1
115688,538
-1,-1
-1,-1
-1,-1
