202580,1329,20778810
167725,70,741325
178300,68,613669
178913,73,1046587
183590,72,982643
197481,66,516799
250650,44,57196
235083,61,330771
358692,50,109468
170838,71,882465
273598,56,187155
254540,66,510412
107617,99,13037079
246145,51,118861
231161,51,112843
232306,62,339776
217881,41,42686
181683,70,763476
258271,51,115218
215693,48,83017
251868,32,16633
185297,47,82407
261166,35,23757
212543,45,64567
-1,-1
-1,-1
-1,-1
-1,-1
-1,-1
-1,-1
-1,-1
-1,-1
-1,-1
-1,-1
196572,1
-1,-1
-1,-1
-1,-1
-1,-1
-1,-1
122455,14
-1,-1
-1,-1
-1,-1
-1,-1
-1,-1
-1,-1
-1,-1
-1,-1
-1,-1
-1,-1
-1,-1
-1,-1
-1,-1
-1,-1
-1,-1
-1,-1
-1,-1
-1,-1
-1,-1
-1,-1
-1,-1
-1,-1
-1,-1
-1,-1
-1,-1
-1,-1
-1,-1
-1,-1
-1,-1
-1,-1
-1,-1
-1,-1
-1,-1
-1,-1
-1,-1
-1,-1
-1,-1
-1,-1
-1,-1
29173,7
-1,-1
-1,-1
-1,-1
93815,50
-1,-1
-1,-1
-1,-1
-1,-1
-1,-1
-1,-1
-1,-1
-1,-1
-1,-1
-1,-1
-1,-1
-1,-1
-1,-1
-1,-1
-1,-1
86453,538
-1,-1
-1,-1
