254901,1329,20778810
213267,70,741325
226537,68,613669
227454,73,1046587
232792,72,982643
245963,66,516799
317761,44,57196
297013,61,330771
437075,50,109468
216559,71,882465
335136,56,187155
309108,66,510412
130748,99,13037079
308528,51,118861
292656,51,112843
299554,62,339776
272375,41,42686
231124,70,763476
329109,51,115218
268252,48,83017
317927,32,16633
248763,47,82407
326664,35,23757
264010,45,64567
-1,-1
-1,-1
-1,-1
-1,-1
-1,-1
-1,-1
-1,-1
-1,-1
-1,-1
-1,-1
236144,1
-1,-1
-1,-1
-1,-1
-1,-1
-1,-1
187447,14
-1,-1
-1,-1
-1,-1
-1,-1
-1,-1
-1,-1
-1,-1
-1,-1
-1,-1
-1,-1
-1,-1
-1,-1
-1,-1
-1,-1
-1,-1
-1,-1
-1,-1
-1,-1
-1,-1
-1,-1
-1,-1
-1,-1
-1,-1
-1,-1
-1,-1
-1,-1
-1,-1
-1,-1
-1,-1
-1,-1
-1,-1
-1,-1
-1,-1
-1,-1
-1,-1
-1,-1
-1,-1
-1,-1
-1,-1
-1,-1
-1,-1
-1,-1
-1,-1
76726,7
-1,-1
-1,-1
-1,-1
133086,50
-1,-1
-1,-1
-1,-1
-1,-1
-1,-1
-1,-1
-1,-1
-1,-1
-1,-1
-1,-1
-1,-1
-1,-1
-1,-1
-1,-1
-1,-1
-1,-1
-1,-1
105440,538
-1,-1
-1,-1
-1,-1
