221957,1210,18105829
231528,60,277096
190475,61,330551
189281,70,789202
209591,67,563188
221970,60,274258
243208,44,57171
256424,59,248273
399301,45,67890
190870,69,721904
281009,54,156203
317078,57,218576
105501,99,13036619
244028,51,113021
224701,51,112399
349479,47,80685
213047,41,41603
177226,70,762950
265186,50,101511
293109,25,8000
244690,32,16582
186302,45,66021
422709,9,1000
209440,44,61126
-1,-1
-1,-1
-1,-1
-1,-1
-1,-1
-1,-1
-1,-1
-1,-1
-1,-1
-1,-1
-1,-1
-1,-1
-1,-1
-1,-1
-1,-1
-1,-1
118422,11
-1,-1
-1,-1
-1,-1
-1,-1
-1,-1
-1,-1
-1,-1
-1,-1
-1,-1
-1,-1
-1,-1
-1,-1
-1,-1
-1,-1
-1,-1
-1,-1
-1,-1
-1,-1
-1,-1
-1,-1
-1,-1
-1,-1
-1,-1
-1,-1
-1,-1
-1,-1
-1,-1
-1,-1
-1,-1
-1,-1
-1,-1
-1,-1
-1,-1
-1,-1
-1,-1
-1,-1
-1,-1
-1,-1
-1,-1
-1,-1
123272,17
-1,-1
-1,-1
-1,-1
-1,-1
-1,-1
-1,-1
-1,-1
-1,-1
-1,-1
-1,-1
-1,-1
-1,-1
-1,-1
-1,-1
-1,-1
83968,538
-1,-1
-1,-1
