219496,1210,18105829
228991,60,277096
188352,61,330551
187024,70,789202
207256,67,563188
219593,60,274258
240450,44,57171
253702,59,248273
395159,45,67890
188448,69,721904
277789,54,156203
313710,57,218576
104172,99,13036619
241276,51,113021
222086,51,112399
345569,47,80685
210747,41,41603
175324,70,762950
262189,50,101511
290261,25,8000
241978,32,16582
183419,45,66021
419678,9,1000
206905,44,61126
-1,-1
-1,-1
-1,-1
-1,-1
-1,-1
-1,-1
-1,-1
-1,-1
-1,-1
-1,-1
-1,-1
-1,-1
-1,-1
-1,-1
-1,-1
-1,-1
115089,11
-1,-1
-1,-1
-1,-1
-1,-1
-1,-1
-1,-1
-1,-1
-1,-1
-1,-1
-1,-1
-1,-1
-1,-1
-1,-1
-1,-1
-1,-1
-1,-1
-1,-1
-1,-1
-1,-1
-1,-1
-1,-1
-1,-1
-1,-1
-1,-1
-1,-1
-1,-1
-1,-1
-1,-1
-1,-1
-1,-1
-1,-1
-1,-1
-1,-1
-1,-1
-1,-1
-1,-1
-1,-1
-1,-1
-1,-1
120121,17
-1,-1
-1,-1
-1,-1
-1,-1
-1,-1
-1,-1
-1,-1
-1,-1
-1,-1
-1,-1
-1,-1
-1,-1
-1,-1
-1,-1
-1,-1
82852,538
-1,-1
-1,-1
