225211,1174,17057328
226975,60,277096
256195,48,84651
234534,61,324474
233080,61,327013
217703,60,274258
238223,44,57157
251488,59,248273
391745,45,67890
187951,69,707101
329974,46,69322
310922,57,218576
102973,99,13036619
239000,51,113021
219847,51,112399
342428,47,80685
208856,41,41603
173557,70,762950
259687,50,101511
287838,25,8000
239747,32,16582
181001,45,66021
417116,9,1000
204824,44,61126
-1,-1
-1,-1
-1,-1
-1,-1
-1,-1
-1,-1
-1,-1
-1,-1
-1,-1
-1,-1
-1,-1
-1,-1
-1,-1
-1,-1
-1,-1
-1,-1
112293,11
-1,-1
-1,-1
-1,-1
-1,-1
-1,-1
-1,-1
-1,-1
-1,-1
-1,-1
-1,-1
-1,-1
-1,-1
-1,-1
-1,-1
-1,-1
-1,-1
-1,-1
-1,-1
-1,-1
-1,-1
-1,-1
-1,-1
-1,-1
-1,-1
-1,-1
-1,-1
-1,-1
-1,-1
-1,-1
-1,-1
-1,-1
-1,-1
-1,-1
-1,-1
-1,-1
-1,-1
-1,-1
-1,-1
-1,-1
117536,17
-1,-1
-1,-1
-1,-1
-1,-1
-1,-1
-1,-1
-1,-1
-1,-1
-1,-1
-1,-1
-1,-1
-1,-1
-1,-1
-1,-1
-1,-1
81901,538
-1,-1
-1,-1
