225188,1329,20778810
186636,70,741325
198212,68,613669
198843,73,1046587
203951,72,982643
217956,66,516799
278736,44,57196
261445,61,330771
391158,50,109468
191221,71,882465
300950,56,187155
278287,66,510412
118433,99,13037079
272288,51,118861
256954,51,112843
261546,62,339776
241230,41,42686
202725,70,763476
286978,51,115218
238362,48,83017
278574,32,16633
211653,47,82407
288264,35,23757
235379,45,64567
-1,-1
-1,-1
-1,-1
-1,-1
-1,-1
-1,-1
-1,-1
-1,-1
-1,-1
-1,-1
213277,1
-1,-1
-1,-1
-1,-1
-1,-1
-1,-1
149783,14
-1,-1
-1,-1
-1,-1
-1,-1
-1,-1
-1,-1
-1,-1
-1,-1
-1,-1
-1,-1
-1,-1
-1,-1
-1,-1
-1,-1
-1,-1
-1,-1
-1,-1
-1,-1
-1,-1
-1,-1
-1,-1
-1,-1
-1,-1
-1,-1
-1,-1
-1,-1
-1,-1
-1,-1
-1,-1
-1,-1
-1,-1
-1,-1
-1,-1
-1,-1
-1,-1
-1,-1
-1,-1
-1,-1
-1,-1
-1,-1
-1,-1
51054,7
-1,-1
-1,-1
-1,-1
109751,50
-1,-1
-1,-1
-1,-1
-1,-1
-1,-1
-1,-1
-1,-1
-1,-1
-1,-1
-1,-1
-1,-1
-1,-1
-1,-1
-1,-1
-1,-1
-1,-1
95114,538
-1,-1
-1,-1
