226202,1169,16895918
226929,60,277096
256148,48,84651
260579,57,203326
239597,60,286760
217670,60,274258
238206,44,57148
251448,59,248273
391675,45,67890
187898,69,707101
329902,46,69322
310869,57,218576
102949,99,13036619
238962,51,113021
219795,51,112399
342373,47,80685
208817,41,41603
173510,70,762950
259640,50,101511
287787,25,8000
239705,32,16582
180955,45,66021
417059,9,1000
204788,44,61126
-1,-1
-1,-1
-1,-1
-1,-1
-1,-1
-1,-1
-1,-1
-1,-1
-1,-1
-1,-1
-1,-1
-1,-1
-1,-1
-1,-1
-1,-1
-1,-1
112241,11
-1,-1
-1,-1
-1,-1
-1,-1
-1,-1
-1,-1
-1,-1
-1,-1
-1,-1
-1,-1
-1,-1
-1,-1
-1,-1
-1,-1
-1,-1
-1,-1
-1,-1
-1,-1
-1,-1
-1,-1
-1,-1
-1,-1
-1,-1
-1,-1
-1,-1
-1,-1
-1,-1
-1,-1
-1,-1
-1,-1
-1,-1
-1,-1
-1,-1
-1,-1
-1,-1
-1,-1
-1,-1
-1,-1
-1,-1
117493,17
-1,-1
-1,-1
-1,-1
-1,-1
-1,-1
-1,-1
-1,-1
-1,-1
-1,-1
-1,-1
-1,-1
-1,-1
-1,-1
-1,-1
-1,-1
81886,538
-1,-1
-1,-1
