274105,1329,20778810
232812,70,741325
246762,68,613669
248235,73,1046587
253573,72,982643
264764,66,516799
339502,44,57196
318469,61,330771
461110,50,109468
231559,71,882465
356225,56,187155
326617,66,510412
136079,99,13037079
329882,51,118861
313370,51,112843
321294,62,339776
291254,41,42686
247426,70,763476
354144,51,115218
286376,48,83017
341262,32,16633
268842,47,82407
349385,35,23757
281737,45,64567
-1,-1
-1,-1
-1,-1
-1,-1
-1,-1
-1,-1
-1,-1
-1,-1
-1,-1
-1,-1
-1,-1
249352,1
-1,-1
-1,-1
-1,-1
-1,-1
-1,-1
207204,14
-1,-1
-1,-1
-1,-1
-1,-1
-1,-1
-1,-1
-1,-1
-1,-1
-1,-1
-1,-1
-1,-1
-1,-1
-1,-1
-1,-1
-1,-1
-1,-1
-1,-1
-1,-1
-1,-1
-1,-1
-1,-1
-1,-1
-1,-1
-1,-1
-1,-1
-1,-1
-1,-1
-1,-1
-1,-1
-1,-1
-1,-1
-1,-1
-1,-1
-1,-1
-1,-1
-1,-1
-1,-1
-1,-1
-1,-1
-1,-1
-1,-1
-1,-1
-1,-1
89194,7
-1,-1
-1,-1
-1,-1
-1,-1
147292,50
-1,-1
-1,-1
-1,-1
-1,-1
-1,-1
-1,-1
-1,-1
-1,-1
-1,-1
-1,-1
-1,-1
-1,-1
-1,-1
-1,-1
-1,-1
-1,-1
-1,-1
110552,538
-1,-1
-1,-1
-1,-1
