228013,1329,20778810
189008,70,741325
200705,68,613669
201452,73,1046587
206574,72,982643
220582,66,516799
282207,44,57196
264769,61,330771
395233,50,109468
193882,71,882465
304064,56,187155
281118,66,510412
119756,99,13037079
275596,51,118861
260261,51,112843
265241,62,339776
244070,41,42686
205435,70,763476
290492,51,115218
241257,48,83017
281750,32,16633
215345,47,82407
291370,35,23757
238063,45,64567
-1,-1
-1,-1
-1,-1
-1,-1
-1,-1
-1,-1
-1,-1
-1,-1
-1,-1
-1,-1
215458,1
-1,-1
-1,-1
-1,-1
-1,-1
-1,-1
153796,14
-1,-1
-1,-1
-1,-1
-1,-1
-1,-1
-1,-1
-1,-1
-1,-1
-1,-1
-1,-1
-1,-1
-1,-1
-1,-1
-1,-1
-1,-1
-1,-1
-1,-1
-1,-1
-1,-1
-1,-1
-1,-1
-1,-1
-1,-1
-1,-1
-1,-1
-1,-1
-1,-1
-1,-1
-1,-1
-1,-1
-1,-1
-1,-1
-1,-1
-1,-1
-1,-1
-1,-1
-1,-1
-1,-1
-1,-1
-1,-1
-1,-1
53312,7
-1,-1
-1,-1
-1,-1
111650,50
-1,-1
-1,-1
-1,-1
-1,-1
-1,-1
-1,-1
-1,-1
-1,-1
-1,-1
-1,-1
-1,-1
-1,-1
-1,-1
-1,-1
-1,-1
-1,-1
96108,538
-1,-1
-1,-1
