225189,1329,20778810
186638,70,741325
198218,68,613669
198844,73,1046587
203948,72,982643
217959,66,516799
278744,44,57196
261446,61,330771
391162,50,109468
191224,71,882465
300954,56,187155
278287,66,510412
118435,99,13037079
272292,51,118861
256956,51,112843
261551,62,339776
241229,41,42686
202729,70,763476
286976,51,115218
238363,48,83017
278578,32,16633
211662,47,82407
288272,35,23757
235382,45,64567
-1,-1
-1,-1
-1,-1
-1,-1
-1,-1
-1,-1
-1,-1
-1,-1
-1,-1
-1,-1
213285,1
-1,-1
-1,-1
-1,-1
-1,-1
-1,-1
149788,14
-1,-1
-1,-1
-1,-1
-1,-1
-1,-1
-1,-1
-1,-1
-1,-1
-1,-1
-1,-1
-1,-1
-1,-1
-1,-1
-1,-1
-1,-1
-1,-1
-1,-1
-1,-1
-1,-1
-1,-1
-1,-1
-1,-1
-1,-1
-1,-1
-1,-1
-1,-1
-1,-1
-1,-1
-1,-1
-1,-1
-1,-1
-1,-1
-1,-1
-1,-1
-1,-1
-1,-1
-1,-1
-1,-1
-1,-1
-1,-1
-1,-1
51060,7
-1,-1
-1,-1
-1,-1
109749,50
-1,-1
-1,-1
-1,-1
-1,-1
-1,-1
-1,-1
-1,-1
-1,-1
-1,-1
-1,-1
-1,-1
-1,-1
-1,-1
-1,-1
-1,-1
-1,-1
95109,538
-1,-1
-1,-1
