221750,1329,20778810
183766,70,741325
195199,68,613669
195778,73,1046587
200939,72,982643
214918,66,516799
274495,44,57196
257436,61,330771
386503,50,109468
188176,71,882465
296977,56,187155
274906,66,510412
116637,99,13037079
268256,51,118861
253206,51,112843
257370,62,339776
237795,41,42686
199419,70,763476
282689,51,115218
234988,48,83017
274543,32,16633
207920,47,82407
284240,35,23757
232070,45,64567
-1,-1
-1,-1
-1,-1
-1,-1
-1,-1
-1,-1
-1,-1
-1,-1
-1,-1
-1,-1
210689,1
-1,-1
-1,-1
-1,-1
-1,-1
-1,-1
146054,14
-1,-1
-1,-1
-1,-1
-1,-1
-1,-1
-1,-1
-1,-1
-1,-1
-1,-1
-1,-1
-1,-1
-1,-1
-1,-1
-1,-1
-1,-1
-1,-1
-1,-1
-1,-1
-1,-1
-1,-1
-1,-1
-1,-1
-1,-1
-1,-1
-1,-1
-1,-1
-1,-1
-1,-1
-1,-1
-1,-1
-1,-1
-1,-1
-1,-1
-1,-1
-1,-1
-1,-1
-1,-1
-1,-1
-1,-1
-1,-1
-1,-1
47970,7
-1,-1
-1,-1
-1,-1
107412,50
-1,-1
-1,-1
-1,-1
-1,-1
-1,-1
-1,-1
-1,-1
-1,-1
-1,-1
-1,-1
-1,-1
-1,-1
-1,-1
-1,-1
-1,-1
-1,-1
93589,538
-1,-1
-1,-1
