274085,1329,20778810
232782,70,741325
246739,68,613669
248211,73,1046587
253548,72,982643
264745,66,516799
339482,44,57196
318442,61,330771
461087,50,109468
231541,71,882465
356206,56,187155
326601,66,510412
136066,99,13037079
329849,51,118861
313353,51,112843
321265,62,339776
291237,41,42686
247412,70,763476
354119,51,115218
286361,48,83017
341232,32,16633
268819,47,82407
349360,35,23757
281704,45,64567
-1,-1
-1,-1
-1,-1
-1,-1
-1,-1
-1,-1
-1,-1
-1,-1
-1,-1
-1,-1
-1,-1
249341,1
-1,-1
-1,-1
-1,-1
-1,-1
-1,-1
207179,14
-1,-1
-1,-1
-1,-1
-1,-1
-1,-1
-1,-1
-1,-1
-1,-1
-1,-1
-1,-1
-1,-1
-1,-1
-1,-1
-1,-1
-1,-1
-1,-1
-1,-1
-1,-1
-1,-1
-1,-1
-1,-1
-1,-1
-1,-1
-1,-1
-1,-1
-1,-1
-1,-1
-1,-1
-1,-1
-1,-1
-1,-1
-1,-1
-1,-1
-1,-1
-1,-1
-1,-1
-1,-1
-1,-1
-1,-1
-1,-1
-1,-1
-1,-1
-1,-1
89186,7
-1,-1
-1,-1
-1,-1
-1,-1
147269,50
-1,-1
-1,-1
-1,-1
-1,-1
-1,-1
-1,-1
-1,-1
-1,-1
-1,-1
-1,-1
-1,-1
-1,-1
-1,-1
-1,-1
-1,-1
-1,-1
-1,-1
110545,538
-1,-1
-1,-1
-1,-1
