238451,1329,20778810
198120,70,741325
210084,68,613669
211083,73,1046587
216342,72,982643
230290,66,516799
295602,44,57196
277223,61,330771
410561,50,109468
203282,71,882465
315545,56,187155
292131,66,510412
124226,99,13037079
288041,51,118861
272948,51,112843
278834,62,339776
255074,41,42686
215398,70,763476
304487,51,115218
251890,48,83017
294802,32,16633
227691,47,82407
304447,35,23757
248325,45,64567
-1,-1
-1,-1
-1,-1
-1,-1
-1,-1
-1,-1
-1,-1
-1,-1
-1,-1
-1,-1
223785,1
-1,-1
-1,-1
-1,-1
-1,-1
-1,-1
166288,14
-1,-1
-1,-1
-1,-1
-1,-1
-1,-1
-1,-1
-1,-1
-1,-1
-1,-1
-1,-1
-1,-1
-1,-1
-1,-1
-1,-1
-1,-1
-1,-1
-1,-1
-1,-1
-1,-1
-1,-1
-1,-1
-1,-1
-1,-1
-1,-1
-1,-1
-1,-1
-1,-1
-1,-1
-1,-1
-1,-1
-1,-1
-1,-1
-1,-1
-1,-1
-1,-1
-1,-1
-1,-1
-1,-1
-1,-1
-1,-1
-1,-1
-1,-1
62462,7
-1,-1
-1,-1
-1,-1
119288,50
-1,-1
-1,-1
-1,-1
-1,-1
-1,-1
-1,-1
-1,-1
-1,-1
-1,-1
-1,-1
-1,-1
-1,-1
-1,-1
-1,-1
-1,-1
-1,-1
-1,-1
99547,538
-1,-1
-1,-1
