284309,1330,20778810
241092,70,741325
255058,68,613669
256859,73,1046587
262168,72,982643
272746,66,516799
350256,44,57196
329360,61,330771
473358,50,109468
240712,71,882465
367315,56,187155
335801,66,510412
139678,99,13037079
341001,51,118861
324128,51,112843
333407,62,339776
300130,41,42686
256468,70,763476
367379,51,115218
295184,48,83017
353397,32,16633
279191,47,82407
361210,35,23757
292756,45,64567
-1,1,0
-1,-1
-1,-1
-1,-1
-1,-1
-1,-1
-1,-1
-1,-1
-1,-1
-1,-1
-1,-1
-1,-1
255156,1
-1,-1
-1,-1
-1,-1
-1,-1
-1,-1
217434,14
-1,-1
-1,-1
-1,-1
-1,-1
-1,-1
-1,-1
-1,-1
-1,-1
-1,-1
-1,-1
-1,-1
-1,-1
-1,-1
-1,-1
-1,-1
-1,-1
-1,-1
-1,-1
-1,-1
-1,-1
-1,-1
-1,-1
-1,-1
-1,-1
-1,-1
-1,-1
-1,-1
-1,-1
-1,-1
-1,-1
-1,-1
-1,-1
-1,-1
-1,-1
-1,-1
-1,-1
-1,-1
-1,-1
-1,-1
-1,-1
-1,-1
-1,-1
-1,-1
94120,7
-1,-1
-1,-1
-1,-1
-1,-1
155895,50
-1,-1
-1,-1
-1,-1
-1,-1
-1,-1
-1,-1
-1,-1
-1,-1
-1,-1
-1,-1
-1,-1
-1,-1
-1,-1
-1,-1
-1,-1
-1,-1
-1,-1
114314,538
-1,-1
-1,-1
-1,-1
