288414,1330,20778810
245154,70,741325
259211,68,613669
260955,73,1046587
266399,72,982643
276800,66,516799
355121,44,57196
333865,61,330771
478416,50,109468
244603,71,882465
371012,56,187155
339616,66,510412
140409,99,13037079
345090,51,118861
328799,51,112843
338080,62,339776
304137,41,42686
259780,70,763476
372223,51,115218
299259,48,83017
357625,32,16633
283010,47,82407
365543,35,23757
296690,45,64567
-1,1,0
-1,-1
-1,-1
-1,-1
-1,-1
-1,-1
-1,-1
-1,-1
-1,-1
-1,-1
-1,-1
-1,-1
258318,1
-1,-1
-1,-1
-1,-1
-1,-1
-1,-1
221277,14
-1,-1
-1,-1
-1,-1
-1,-1
-1,-1
-1,-1
-1,-1
-1,-1
-1,-1
-1,-1
-1,-1
-1,-1
-1,-1
-1,-1
-1,-1
-1,-1
-1,-1
-1,-1
-1,-1
-1,-1
-1,-1
-1,-1
-1,-1
-1,-1
-1,-1
-1,-1
-1,-1
-1,-1
-1,-1
-1,-1
-1,-1
-1,-1
-1,-1
-1,-1
-1,-1
-1,-1
-1,-1
-1,-1
-1,-1
-1,-1
-1,-1
-1,-1
-1,-1
97115,7
-1,-1
-1,-1
-1,-1
-1,-1
158936,50
-1,-1
-1,-1
-1,-1
-1,-1
-1,-1
-1,-1
-1,-1
-1,-1
-1,-1
-1,-1
-1,-1
-1,-1
-1,-1
-1,-1
-1,-1
-1,-1
-1,-1
114435,538
-1,-1
-1,-1
-1,-1
