305330,1330,20778810
261825,70,741325
276248,68,613669
278515,73,1046587
284069,72,982643
293357,66,516799
376374,44,57196
352759,61,330771
500345,50,109468
260375,71,882465
387338,56,187155
355554,66,510412
144090,99,13037079
363150,51,118861
348004,51,112843
357746,62,339776
320723,41,42686
274267,70,763476
392249,51,115218
316565,48,83017
376139,32,16633
298956,47,82407
384274,35,23757
312625,45,64567
-1,1,0
-1,-1
-1,-1
-1,-1
-1,-1
-1,-1
-1,-1
-1,-1
-1,-1
-1,-1
-1,-1
-1,-1
270829,1
-1,-1
-1,-1
-1,-1
-1,-1
-1,-1
237107,14
-1,-1
-1,-1
-1,-1
-1,-1
-1,-1
-1,-1
-1,-1
-1,-1
-1,0
-1,-1
-1,-1
-1,-1
-1,-1
-1,-1
-1,-1
-1,-1
-1,-1
-1,-1
-1,-1
-1,-1
-1,-1
-1,-1
-1,-1
-1,-1
-1,-1
-1,-1
-1,-1
-1,-1
-1,-1
-1,-1
-1,-1
-1,-1
-1,-1
-1,-1
-1,-1
-1,-1
-1,-1
-1,0
-1,-1
-1,-1
-1,-1
-1,-1
-1,-1
-1,-1
-1,-1
108034,7
-1,-1
-1,-1
-1,-1
-1,-1
171369,50
-1,-1
-1,-1
-1,-1
-1,-1
-1,-1
-1,-1
-1,-1
-1,-1
-1,-1
-1,-1
-1,-1
-1,-1
-1,-1
-1,-1
-1,-1
-1,-1
-1,-1
116267,538
-1,-1
-1,-1
-1,-1
