211978,1329,20778810
175637,70,741325
186627,68,613669
187138,73,1046587
192029,72,982643
206067,66,516799
262250,44,57196
245860,61,330771
371990,50,109468
179229,71,882465
285508,56,187155
264312,66,510412
112486,99,13037079
256770,51,118861
241698,51,112843
244591,62,339776
227653,41,42686
189859,70,763476
270144,51,115218
225216,48,83017
263115,32,16633
196316,47,82407
272692,35,23757
222269,45,64567
-1,-1
-1,-1
-1,-1
-1,-1
-1,-1
-1,-1
-1,-1
-1,-1
-1,-1
-1,-1
203137,1
-1,-1
-1,-1
-1,-1
-1,-1
-1,-1
133992,14
-1,-1
-1,-1
-1,-1
-1,-1
-1,-1
-1,-1
-1,-1
-1,-1
-1,-1
-1,-1
-1,-1
-1,-1
-1,-1
-1,-1
-1,-1
-1,-1
-1,-1
-1,-1
-1,-1
-1,-1
-1,-1
-1,-1
-1,-1
-1,-1
-1,-1
-1,-1
-1,-1
-1,-1
-1,-1
-1,-1
-1,-1
-1,-1
-1,-1
-1,-1
-1,-1
-1,-1
-1,-1
-1,-1
-1,-1
39313,7
-1,-1
-1,-1
-1,-1
100460,50
-1,-1
-1,-1
-1,-1
-1,-1
-1,-1
-1,-1
-1,-1
-1,-1
-1,-1
-1,-1
-1,-1
-1,-1
-1,-1
-1,-1
-1,-1
90337,538
-1,-1
-1,-1
