219271,1167,16862712
220129,60,277076
248564,48,84651
255044,56,192410
232993,60,283127
211103,60,274258
230816,44,57148
243708,59,248195
381643,45,66890
182590,69,691546
319637,46,69322
301203,57,218576
99050,99,13036619
231037,51,112021
211988,51,112399
330161,47,80685
202210,41,41603
167611,70,762946
251007,50,101511
279724,25,8000
233180,31,15582
171783,45,66021
409254,9,1000
197594,44,61126
-1,-1
-1,-1
-1,-1
-1,-1
-1,-1
-1,-1
-1,-1
-1,-1
-1,-1
-1,-1
-1,-1
-1,-1
-1,-1
-1,-1
-1,-1
-1,-1
101539,11
-1,-1
-1,-1
-1,-1
-1,-1
-1,-1
-1,-1
-1,-1
-1,-1
-1,-1
-1,-1
-1,-1
-1,-1
-1,-1
-1,-1
-1,-1
-1,-1
-1,-1
-1,-1
-1,-1
-1,-1
-1,-1
-1,-1
-1,-1
-1,-1
-1,-1
-1,-1
-1,-1
-1,-1
-1,-1
-1,-1
-1,-1
-1,-1
-1,-1
-1,-1
-1,-1
-1,-1
-1,-1
-1,-1
-1,-1
107306,17
-1,-1
-1,-1
-1,-1
-1,-1
-1,-1
-1,-1
-1,-1
-1,-1
-1,-1
-1,-1
-1,-1
-1,-1
-1,-1
-1,-1
-1,-1
78663,538
-1,-1
-1,-1
