221946,1167,16862712
222632,60,277076
251286,48,84651
257776,56,192410
235581,60,283127
213510,60,274258
233509,44,57148
246551,59,248195
385718,45,66890
185084,69,691546
323462,46,69322
304726,57,218576
100519,99,13036619
234485,51,112021
214848,51,112399
334851,47,80685
204673,41,41603
169872,70,762946
254138,50,101511
282686,25,8000
236000,31,15582
175190,45,66021
411739,9,1000
200166,44,61126
-1,-1
-1,-1
-1,-1
-1,-1
-1,-1
-1,-1
-1,-1
-1,-1
-1,-1
-1,-1
-1,-1
-1,-1
-1,-1
-1,-1
-1,-1
-1,-1
105497,11
-1,-1
-1,-1
-1,-1
-1,-1
-1,-1
-1,-1
-1,-1
-1,-1
-1,-1
-1,-1
-1,-1
-1,-1
-1,-1
-1,-1
-1,-1
-1,-1
-1,-1
-1,-1
-1,-1
-1,-1
-1,-1
-1,-1
-1,-1
-1,-1
-1,-1
-1,-1
-1,-1
-1,-1
-1,-1
-1,-1
-1,-1
-1,-1
-1,-1
-1,-1
-1,-1
-1,-1
-1,-1
-1,-1
-1,-1
111000,17
-1,-1
-1,-1
-1,-1
-1,-1
-1,-1
-1,-1
-1,-1
-1,-1
-1,-1
-1,-1
-1,-1
-1,-1
-1,-1
-1,-1
-1,-1
79869,538
-1,-1
-1,-1
