223943,1180,17236846
226991,60,277096
256211,48,84651
218839,65,459222
226878,63,371783
217718,60,274258
238242,44,57157
251508,59,248273
391766,45,67890
187968,69,707101
330002,46,69322
310941,57,218576
102980,99,13036619
239015,51,113021
219868,51,112399
342452,47,80685
208864,41,41603
173575,70,762950
259704,50,101511
287856,25,8000
239761,32,16582
181025,45,66021
417131,9,1000
204836,44,61126
-1,-1
-1,-1
-1,-1
-1,-1
-1,-1
-1,-1
-1,-1
-1,-1
-1,-1
-1,-1
-1,-1
-1,-1
-1,-1
-1,-1
-1,-1
-1,-1
112319,11
-1,-1
-1,-1
-1,-1
-1,-1
-1,-1
-1,-1
-1,-1
-1,-1
-1,-1
-1,-1
-1,-1
-1,-1
-1,-1
-1,-1
-1,-1
-1,-1
-1,-1
-1,-1
-1,-1
-1,-1
-1,-1
-1,-1
-1,-1
-1,-1
-1,-1
-1,-1
-1,-1
-1,-1
-1,-1
-1,-1
-1,-1
-1,-1
-1,-1
-1,-1
-1,-1
-1,-1
-1,-1
-1,-1
-1,-1
117550,17
-1,-1
-1,-1
-1,-1
-1,-1
-1,-1
-1,-1
-1,-1
-1,-1
-1,-1
-1,-1
-1,-1
-1,-1
-1,-1
-1,-1
-1,-1
81907,538
-1,-1
-1,-1
