225317,1329,20778810
186730,70,741325
198328,68,613669
198951,73,1046587
204058,72,982643
218058,66,516799
278899,44,57196
261580,61,330771
391328,50,109468
191322,71,882465
301089,56,187155
278386,66,510412
118483,99,13037079
272438,51,118861
257088,51,112843
261717,62,339776
241320,41,42686
202849,70,763476
287145,51,115218
238489,48,83017
278706,32,16633
211759,47,82407
288400,35,23757
235495,45,64567
-1,-1
-1,-1
-1,-1
-1,-1
-1,-1
-1,-1
-1,-1
-1,-1
-1,-1
-1,-1
213371,1
-1,-1
-1,-1
-1,-1
-1,-1
-1,-1
149880,14
-1,-1
-1,-1
-1,-1
-1,-1
-1,-1
-1,-1
-1,-1
-1,-1
-1,-1
-1,-1
-1,-1
-1,-1
-1,-1
-1,-1
-1,-1
-1,-1
-1,-1
-1,-1
-1,-1
-1,-1
-1,-1
-1,-1
-1,-1
-1,-1
-1,-1
-1,-1
-1,-1
-1,-1
-1,-1
-1,-1
-1,-1
-1,-1
-1,-1
-1,-1
-1,-1
-1,-1
-1,-1
-1,-1
-1,-1
-1,-1
-1,-1
51131,7
-1,-1
-1,-1
-1,-1
109821,50
-1,-1
-1,-1
-1,-1
-1,-1
-1,-1
-1,-1
-1,-1
-1,-1
-1,-1
-1,-1
-1,-1
-1,-1
-1,-1
-1,-1
-1,-1
-1,-1
95153,538
-1,-1
-1,-1
