399098,562,11303099
494650,30,13814
1619455,1,0
394955,36,24818
1183208,10,1173
1560416,1,12
1621626,1,0
1604412,1,5
470475,35,23140
202154,67,548779
315742,45,61940
303252,56,185122
107229,96,10316768
540074,8,855
1607941,1,18
369194,41,42975
1617576,1,0
436329,30,14303
387991,31,16176
1617683,1,0
1617391,1,0
227516,27,10510
1617532,1,0
208206,41,42691
-1,-1
-1,-1
-1,-1
-1,-1
-1,-1
-1,-1
-1,-1
-1,-1
-1,-1
-1,-1
-1,-1
-1,-1
-1,-1
-1,-1
-1,-1
-1,-1
-1,-1
-1,-1
-1,-1
-1,-1
-1,-1
-1,-1
-1,-1
-1,-1
-1,-1
-1,-1
-1,-1
-1,-1
-1,-1
-1,-1
-1,-1
-1,-1
-1,-1
-1,-1
-1,-1
-1,-1
-1,-1
-1,-1
-1,-1
-1,-1
-1,-1
-1,-1
-1,-1
-1,-1
-1,-1
-1,-1
-1,-1
-1,-1
-1,-1
-1,-1
-1,-1
-1,-1
-1,-1
-1,-1
97217,14
-1,-1
-1,-1
-1,-1
-1,-1
-1,-1
-1,-1
-1,-1
-1,-1
-1,-1
-1,-1
-1,-1
-1,-1
92961,445
-1,-1
-1,-1
