248951,1329,20778810
207478,70,741325
219828,68,613669
220565,73,1046587
226160,72,982643
239597,66,516799
309351,44,57196
289861,61,330771
426407,50,109468
211943,71,882465
327091,56,187155
302996,66,510412
128496,99,13037079
301274,51,118861
285754,51,112843
292581,62,339776
266159,41,42686
225962,70,763476
319881,51,115218
262672,48,83017
309145,32,16633
240364,47,82407
318288,35,23757
258494,45,64567
-1,-1
-1,-1
-1,-1
-1,-1
-1,-1
-1,-1
-1,-1
-1,-1
-1,-1
-1,-1
232016,1
-1,-1
-1,-1
-1,-1
-1,-1
-1,-1
179120,14
-1,-1
-1,-1
-1,-1
-1,-1
-1,-1
-1,-1
-1,-1
-1,-1
-1,-1
-1,-1
-1,-1
-1,-1
-1,-1
-1,-1
-1,-1
-1,-1
-1,-1
-1,-1
-1,-1
-1,-1
-1,-1
-1,-1
-1,-1
-1,-1
-1,-1
-1,-1
-1,-1
-1,-1
-1,-1
-1,-1
-1,-1
-1,-1
-1,-1
-1,-1
-1,-1
-1,-1
-1,-1
-1,-1
-1,-1
-1,-1
-1,-1
-1,-1
71614,7
-1,-1
-1,-1
-1,-1
127709,50
-1,-1
-1,-1
-1,-1
-1,-1
-1,-1
-1,-1
-1,-1
-1,-1
-1,-1
-1,-1
-1,-1
-1,-1
-1,-1
-1,-1
-1,-1
-1,-1
-1,-1
103262,538
-1,-1
-1,-1
-1,-1
