215268,1329,20778810
178378,70,741325
189472,68,613669
189951,73,1046587
194981,72,982643
209124,66,516799
266616,44,57196
249847,61,330771
377039,50,109468
182289,71,882465
289457,56,187155
268008,66,510412
113880,99,13037079
260642,51,118861
245655,51,112843
249038,62,339776
231165,41,42686
192882,70,763476
274372,51,115218
228566,48,83017
267131,32,16633
200227,47,82407
276708,35,23757
225620,45,64567
-1,-1
-1,-1
-1,-1
-1,-1
-1,-1
-1,-1
-1,-1
-1,-1
-1,-1
-1,-1
205639,1
-1,-1
-1,-1
-1,-1
-1,-1
-1,-1
138101,14
-1,-1
-1,-1
-1,-1
-1,-1
-1,-1
-1,-1
-1,-1
-1,-1
-1,-1
-1,-1
-1,-1
-1,-1
-1,-1
-1,-1
-1,-1
-1,-1
-1,-1
-1,-1
-1,-1
-1,-1
-1,-1
-1,-1
-1,-1
-1,-1
-1,-1
-1,-1
-1,-1
-1,-1
-1,-1
-1,-1
-1,-1
-1,-1
-1,-1
-1,-1
-1,-1
-1,-1
-1,-1
-1,-1
-1,-1
42500,7
-1,-1
-1,-1
-1,-1
102687,50
-1,-1
-1,-1
-1,-1
-1,-1
-1,-1
-1,-1
-1,-1
-1,-1
-1,-1
-1,-1
-1,-1
-1,-1
-1,-1
-1,-1
-1,-1
91392,538
-1,-1
-1,-1
