232842,1329,20778810
193153,70,741325
204917,68,613669
205877,73,1046587
211105,72,982643
225045,66,516799
288245,44,57196
270417,61,330771
402307,50,109468
198311,71,882465
309380,56,187155
286344,66,510412
121752,99,13037079
281227,51,118861
265990,51,112843
271608,62,339776
249056,41,42686
209972,70,763476
296669,51,115218
246169,48,83017
287517,32,16633
221125,47,82407
297072,35,23757
242740,45,64567
-1,-1
-1,-1
-1,-1
-1,-1
-1,-1
-1,-1
-1,-1
-1,-1
-1,-1
-1,-1
219227,1
-1,-1
-1,-1
-1,-1
-1,-1
-1,-1
159709,14
-1,-1
-1,-1
-1,-1
-1,-1
-1,-1
-1,-1
-1,-1
-1,-1
-1,-1
-1,-1
-1,-1
-1,-1
-1,-1
-1,-1
-1,-1
-1,-1
-1,-1
-1,-1
-1,-1
-1,-1
-1,-1
-1,-1
-1,-1
-1,-1
-1,-1
-1,-1
-1,-1
-1,-1
-1,-1
-1,-1
-1,-1
-1,-1
-1,-1
-1,-1
-1,-1
-1,-1
-1,-1
-1,-1
-1,-1
-1,-1
-1,-1
-1,-1
57216,7
-1,-1
-1,-1
-1,-1
114936,50
-1,-1
-1,-1
-1,-1
-1,-1
-1,-1
-1,-1
-1,-1
-1,-1
-1,-1
-1,-1
-1,-1
-1,-1
-1,-1
-1,-1
-1,-1
-1,-1
-1,-1
97631,538
-1,-1
-1,-1
