222111,1210,18105829
231691,60,277096
190585,61,330551
189423,70,789202
209718,67,563188
222102,60,274258
243377,44,57171
256567,59,248273
399523,45,67890
191007,69,721904
281174,54,156203
317244,57,218576
105568,99,13036619
244167,51,113021
224872,51,112399
349697,47,80685
213189,41,41603
177334,70,762950
265356,50,101511
293290,25,8000
244847,32,16582
186467,45,66021
422865,9,1000
209584,44,61126
-1,-1
-1,-1
-1,-1
-1,-1
-1,-1
-1,-1
-1,-1
-1,-1
-1,-1
-1,-1
-1,-1
-1,-1
-1,-1
-1,-1
-1,-1
-1,-1
118595,11
-1,-1
-1,-1
-1,-1
-1,-1
-1,-1
-1,-1
-1,-1
-1,-1
-1,-1
-1,-1
-1,-1
-1,-1
-1,-1
-1,-1
-1,-1
-1,-1
-1,-1
-1,-1
-1,-1
-1,-1
-1,-1
-1,-1
-1,-1
-1,-1
-1,-1
-1,-1
-1,-1
-1,-1
-1,-1
-1,-1
-1,-1
-1,-1
-1,-1
-1,-1
-1,-1
-1,-1
-1,-1
-1,-1
-1,-1
-1,-1
123426,17
-1,-1
-1,-1
-1,-1
-1,-1
-1,-1
-1,-1
-1,-1
-1,-1
-1,-1
-1,-1
-1,-1
-1,-1
-1,-1
-1,-1
-1,-1
84008,538
-1,-1
-1,-1
