215169,1329,20778810
178311,70,741325
189384,68,613669
189864,73,1046587
194905,72,982643
209021,66,516799
266495,44,57196
249724,61,330771
376876,50,109468
182191,71,882465
289311,56,187155
267901,66,510412
113836,99,13037079
260543,51,118861
245532,51,112843
248917,62,339776
231062,41,42686
192795,70,763476
274242,51,115218
228462,48,83017
267027,32,16633
200114,47,82407
276610,35,23757
225522,45,64567
-1,-1
-1,-1
-1,-1
-1,-1
-1,-1
-1,-1
-1,-1
-1,-1
-1,-1
-1,-1
205559,1
-1,-1
-1,-1
-1,-1
-1,-1
-1,-1
137974,14
-1,-1
-1,-1
-1,-1
-1,-1
-1,-1
-1,-1
-1,-1
-1,-1
-1,-1
-1,-1
-1,-1
-1,-1
-1,-1
-1,-1
-1,-1
-1,-1
-1,-1
-1,-1
-1,-1
-1,-1
-1,-1
-1,-1
-1,-1
-1,-1
-1,-1
-1,-1
-1,-1
-1,-1
-1,-1
-1,-1
-1,-1
-1,-1
-1,-1
-1,-1
-1,-1
-1,-1
-1,-1
-1,-1
-1,-1
42417,7
-1,-1
-1,-1
-1,-1
102612,50
-1,-1
-1,-1
-1,-1
-1,-1
-1,-1
-1,-1
-1,-1
-1,-1
-1,-1
-1,-1
-1,-1
-1,-1
-1,-1
-1,-1
-1,-1
91351,538
-1,-1
-1,-1
