305479,1330,20778810
261959,70,741325
276394,68,613669
278650,73,1046587
284215,72,982643
293474,66,516799
376549,44,57196
352933,61,330771
500545,50,109468
260502,71,882465
387473,56,187155
355683,66,510412
144123,99,13037079
363291,51,118861
348152,51,112843
357920,62,339776
320846,41,42686
274359,70,763476
392411,51,115218
316714,48,83017
376274,32,16633
299082,47,82407
384409,35,23757
312724,45,64567
-1,1,0
-1,-1
-1,-1
-1,-1
-1,-1
-1,-1
-1,-1
-1,-1
-1,-1
-1,-1
-1,-1
-1,-1
270934,1
-1,-1
-1,-1
-1,-1
-1,-1
-1,-1
237229,14
-1,-1
-1,-1
-1,-1
-1,-1
-1,-1
-1,-1
-1,-1
-1,-1
-1,0
-1,-1
-1,-1
-1,-1
-1,-1
-1,-1
-1,-1
-1,-1
-1,-1
-1,-1
-1,-1
-1,-1
-1,-1
-1,-1
-1,-1
-1,-1
-1,-1
-1,-1
-1,-1
-1,-1
-1,-1
-1,-1
-1,-1
-1,-1
-1,-1
-1,-1
-1,-1
-1,-1
-1,-1
-1,0
-1,-1
-1,-1
-1,-1
-1,-1
-1,-1
-1,-1
-1,-1
108113,7
-1,-1
-1,-1
-1,-1
-1,-1
171472,50
-1,-1
-1,-1
-1,-1
-1,-1
-1,-1
-1,-1
-1,-1
-1,-1
-1,-1
-1,-1
-1,-1
-1,-1
-1,-1
-1,-1
-1,-1
-1,-1
-1,-1
116288,538
-1,-1
-1,-1
-1,-1
