219311,1167,16862712
220176,60,277076
248615,48,84651
255086,56,192410
233041,60,283127
211144,60,274258
230868,44,57148
243762,59,248195
381711,45,66890
182635,69,691546
319714,46,69322
301265,57,218576
99089,99,13036619
231101,51,112021
212046,51,112399
330241,47,80685
202249,41,41603
167652,70,762946
251069,50,101511
279778,25,8000
233220,31,15582
171849,45,66021
409306,9,1000
197633,44,61126
-1,-1
-1,-1
-1,-1
-1,-1
-1,-1
-1,-1
-1,-1
-1,-1
-1,-1
-1,-1
-1,-1
-1,-1
-1,-1
-1,-1
-1,-1
-1,-1
101605,11
-1,-1
-1,-1
-1,-1
-1,-1
-1,-1
-1,-1
-1,-1
-1,-1
-1,-1
-1,-1
-1,-1
-1,-1
-1,-1
-1,-1
-1,-1
-1,-1
-1,-1
-1,-1
-1,-1
-1,-1
-1,-1
-1,-1
-1,-1
-1,-1
-1,-1
-1,-1
-1,-1
-1,-1
-1,-1
-1,-1
-1,-1
-1,-1
-1,-1
-1,-1
-1,-1
-1,-1
-1,-1
-1,-1
-1,-1
107352,17
-1,-1
-1,-1
-1,-1
-1,-1
-1,-1
-1,-1
-1,-1
-1,-1
-1,-1
-1,-1
-1,-1
-1,-1
-1,-1
-1,-1
-1,-1
78694,538
-1,-1
-1,-1
