222074,1167,16862712
222771,60,277076
251414,48,84651
257907,56,192410
235719,60,283127
213619,60,274258
233638,44,57148
246704,59,248195
385936,45,66890
185212,69,691546
323644,46,69322
304910,57,218576
100588,99,13036619
234657,51,112021
215004,51,112399
335100,47,80685
204807,41,41603
169967,70,762946
254285,50,101511
282828,25,8000
236136,31,15582
175370,45,66021
411883,9,1000
200317,44,61126
-1,-1
-1,-1
-1,-1
-1,-1
-1,-1
-1,-1
-1,-1
-1,-1
-1,-1
-1,-1
-1,-1
-1,-1
-1,-1
-1,-1
-1,-1
-1,-1
105708,11
-1,-1
-1,-1
-1,-1
-1,-1
-1,-1
-1,-1
-1,-1
-1,-1
-1,-1
-1,-1
-1,-1
-1,-1
-1,-1
-1,-1
-1,-1
-1,-1
-1,-1
-1,-1
-1,-1
-1,-1
-1,-1
-1,-1
-1,-1
-1,-1
-1,-1
-1,-1
-1,-1
-1,-1
-1,-1
-1,-1
-1,-1
-1,-1
-1,-1
-1,-1
-1,-1
-1,-1
-1,-1
-1,-1
-1,-1
111179,17
-1,-1
-1,-1
-1,-1
-1,-1
-1,-1
-1,-1
-1,-1
-1,-1
-1,-1
-1,-1
-1,-1
-1,-1
-1,-1
-1,-1
-1,-1
79922,538
-1,-1
-1,-1
