279688,1330,20778810
237240,70,741325
251194,68,613669
252730,73,1046587
258131,72,982643
268900,66,516799
345070,44,57196
324038,61,330771
467447,50,109468
236557,71,882465
362111,56,187155
331493,66,510412
137937,99,13037079
335731,51,118861
319094,51,112843
327800,62,339776
295952,41,42686
251948,70,763476
361009,51,115218
291037,48,83017
347504,32,16633
274233,47,82407
355500,35,23757
288086,45,64567
-1,1,0
-1,-1
-1,-1
-1,-1
-1,-1
-1,-1
-1,-1
-1,-1
-1,-1
-1,-1
-1,-1
-1,-1
252333,1
-1,-1
-1,-1
-1,-1
-1,-1
-1,-1
212475,14
-1,-1
-1,-1
-1,-1
-1,-1
-1,-1
-1,-1
-1,-1
-1,-1
-1,-1
-1,-1
-1,-1
-1,-1
-1,-1
-1,-1
-1,-1
-1,-1
-1,-1
-1,-1
-1,-1
-1,-1
-1,-1
-1,-1
-1,-1
-1,-1
-1,-1
-1,-1
-1,-1
-1,-1
-1,-1
-1,-1
-1,-1
-1,-1
-1,-1
-1,-1
-1,-1
-1,-1
-1,-1
-1,-1
-1,-1
-1,-1
-1,-1
-1,-1
-1,-1
91603,7
-1,-1
-1,-1
-1,-1
-1,-1
152423,50
-1,-1
-1,-1
-1,-1
-1,-1
-1,-1
-1,-1
-1,-1
-1,-1
-1,-1
-1,-1
-1,-1
-1,-1
-1,-1
-1,-1
-1,-1
-1,-1
-1,-1
112593,538
-1,-1
-1,-1
-1,-1
