269592,1329,20778810
228457,70,741325
242199,68,613669
243549,73,1046587
248890,72,982643
260470,66,516799
334571,44,57196
313498,61,330771
455359,50,109468
227225,71,882465
350800,56,187155
322287,66,510412
134470,99,13037079
324536,51,118861
308372,51,112843
315493,62,339776
286868,41,42686
242955,70,763476
347943,51,115218
282043,48,83017
335751,32,16633
263871,47,82407
343831,35,23757
277227,45,64567
-1,-1
-1,-1
-1,-1
-1,-1
-1,-1
-1,-1
-1,-1
-1,-1
-1,-1
-1,-1
246268,1
-1,-1
-1,-1
-1,-1
-1,-1
-1,-1
202321,14
-1,-1
-1,-1
-1,-1
-1,-1
-1,-1
-1,-1
-1,-1
-1,-1
-1,-1
-1,-1
-1,-1
-1,-1
-1,-1
-1,-1
-1,-1
-1,-1
-1,-1
-1,-1
-1,-1
-1,-1
-1,-1
-1,-1
-1,-1
-1,-1
-1,-1
-1,-1
-1,-1
-1,-1
-1,-1
-1,-1
-1,-1
-1,-1
-1,-1
-1,-1
-1,-1
-1,-1
-1,-1
-1,-1
-1,-1
-1,-1
-1,-1
-1,-1
-1,-1
86487,7
-1,-1
-1,-1
-1,-1
143521,50
-1,-1
-1,-1
-1,-1
-1,-1
-1,-1
-1,-1
-1,-1
-1,-1
-1,-1
-1,-1
-1,-1
-1,-1
-1,-1
-1,-1
-1,-1
-1,-1
-1,-1
108918,538
-1,-1
-1,-1
-1,-1
