288689,1330,20778810
245391,70,741325
259466,68,613669
261253,73,1046587
266667,72,982643
277023,66,516799
355434,44,57196
334173,61,330771
478761,50,109468
244861,71,882465
371258,56,187155
339865,66,510412
140480,99,13037079
345373,51,118861
329081,51,112843
338366,62,339776
304391,41,42686
260026,70,763476
372537,51,115218
299518,48,83017
357930,32,16633
283254,47,82407
365848,35,23757
296927,45,64567
-1,1,0
-1,-1
-1,-1
-1,-1
-1,-1
-1,-1
-1,-1
-1,-1
-1,-1
-1,-1
-1,-1
-1,-1
258515,1
-1,-1
-1,-1
-1,-1
-1,-1
-1,-1
221541,14
-1,-1
-1,-1
-1,-1
-1,-1
-1,-1
-1,-1
-1,-1
-1,-1
-1,-1
-1,-1
-1,-1
-1,-1
-1,-1
-1,-1
-1,-1
-1,-1
-1,-1
-1,-1
-1,-1
-1,-1
-1,-1
-1,-1
-1,-1
-1,-1
-1,-1
-1,-1
-1,-1
-1,-1
-1,-1
-1,-1
-1,-1
-1,-1
-1,-1
-1,-1
-1,-1
-1,-1
-1,-1
-1,-1
-1,-1
-1,-1
-1,-1
-1,-1
-1,-1
97275,7
-1,-1
-1,-1
-1,-1
-1,-1
159184,50
-1,-1
-1,-1
-1,-1
-1,-1
-1,-1
-1,-1
-1,-1
-1,-1
-1,-1
-1,-1
-1,-1
-1,-1
-1,-1
-1,-1
-1,-1
-1,-1
-1,-1
114482,538
-1,-1
-1,-1
-1,-1
