238657,1329,20778810
198321,70,741325
210306,68,613669
211299,73,1046587
216556,72,982643
230471,66,516799
295856,44,57196
277435,61,330771
410854,50,109468
203468,71,882465
315763,56,187155
292350,66,510412
124297,99,13037079
288277,51,118861
273162,51,112843
279110,62,339776
255301,41,42686
215611,70,763476
304797,51,115218
252106,48,83017
295085,32,16633
227902,47,82407
304732,35,23757
248518,45,64567
-1,-1
-1,-1
-1,-1
-1,-1
-1,-1
-1,-1
-1,-1
-1,-1
-1,-1
-1,-1
223968,1
-1,-1
-1,-1
-1,-1
-1,-1
-1,-1
166514,14
-1,-1
-1,-1
-1,-1
-1,-1
-1,-1
-1,-1
-1,-1
-1,-1
-1,-1
-1,-1
-1,-1
-1,-1
-1,-1
-1,-1
-1,-1
-1,-1
-1,-1
-1,-1
-1,-1
-1,-1
-1,-1
-1,-1
-1,-1
-1,-1
-1,-1
-1,-1
-1,-1
-1,-1
-1,-1
-1,-1
-1,-1
-1,-1
-1,-1
-1,-1
-1,-1
-1,-1
-1,-1
-1,-1
-1,-1
-1,-1
-1,-1
-1,-1
62645,7
-1,-1
-1,-1
-1,-1
119436,50
-1,-1
-1,-1
-1,-1
-1,-1
-1,-1
-1,-1
-1,-1
-1,-1
-1,-1
-1,-1
-1,-1
-1,-1
-1,-1
-1,-1
-1,-1
-1,-1
-1,-1
99588,538
-1,-1
-1,-1
