238687,1329,20778810
198347,70,741325
210340,68,613669
211340,73,1046587
216598,72,982643
230504,66,516799
295906,44,57196
277473,61,330771
410893,50,109468
203499,71,882465
315796,56,187155
292377,66,510412
124308,99,13037079
288315,51,118861
273204,51,112843
279145,62,339776
255331,41,42686
215640,70,763476
304845,51,115218
252149,48,83017
295133,32,16633
227935,47,82407
304773,35,23757
248560,45,64567
-1,-1
-1,-1
-1,-1
-1,-1
-1,-1
-1,-1
-1,-1
-1,-1
-1,-1
-1,-1
224000,1
-1,-1
-1,-1
-1,-1
-1,-1
-1,-1
166540,14
-1,-1
-1,-1
-1,-1
-1,-1
-1,-1
-1,-1
-1,-1
-1,-1
-1,-1
-1,-1
-1,-1
-1,-1
-1,-1
-1,-1
-1,-1
-1,-1
-1,-1
-1,-1
-1,-1
-1,-1
-1,-1
-1,-1
-1,-1
-1,-1
-1,-1
-1,-1
-1,-1
-1,-1
-1,-1
-1,-1
-1,-1
-1,-1
-1,-1
-1,-1
-1,-1
-1,-1
-1,-1
-1,-1
-1,-1
-1,-1
-1,-1
-1,-1
62670,7
-1,-1
-1,-1
-1,-1
119462,50
-1,-1
-1,-1
-1,-1
-1,-1
-1,-1
-1,-1
-1,-1
-1,-1
-1,-1
-1,-1
-1,-1
-1,-1
-1,-1
-1,-1
-1,-1
-1,-1
-1,-1
99602,538
-1,-1
-1,-1
