219435,1167,16862712
220279,60,277076
248742,48,84651
255197,56,192410
233163,60,283127
211248,60,274258
230994,44,57148
243901,59,248195
381860,45,66890
182746,69,691546
319904,46,69322
301397,57,218576
99174,99,13036619
231235,51,112021
212169,51,112399
330423,47,80685
202348,41,41603
167760,70,762946
251212,50,101511
279913,25,8000
233340,31,15582
171984,45,66021
409390,9,1000
197735,44,61126
-1,-1
-1,-1
-1,-1
-1,-1
-1,-1
-1,-1
-1,-1
-1,-1
-1,-1
-1,-1
-1,-1
-1,-1
-1,-1
-1,-1
-1,-1
-1,-1
101786,11
-1,-1
-1,-1
-1,-1
-1,-1
-1,-1
-1,-1
-1,-1
-1,-1
-1,-1
-1,-1
-1,-1
-1,-1
-1,-1
-1,-1
-1,-1
-1,-1
-1,-1
-1,-1
-1,-1
-1,-1
-1,-1
-1,-1
-1,-1
-1,-1
-1,-1
-1,-1
-1,-1
-1,-1
-1,-1
-1,-1
-1,-1
-1,-1
-1,-1
-1,-1
-1,-1
-1,-1
-1,-1
-1,-1
-1,-1
107494,17
-1,-1
-1,-1
-1,-1
-1,-1
-1,-1
-1,-1
-1,-1
-1,-1
-1,-1
-1,-1
-1,-1
-1,-1
-1,-1
-1,-1
-1,-1
78764,538
-1,-1
-1,-1
