202859,1329,20778810
167948,70,741325
178523,68,613669
179143,73,1046587
183827,72,982643
197742,66,516799
251006,44,57196
235347,61,330771
359046,50,109468
171061,71,882465
273919,56,187155
254821,66,510412
107724,99,13037079
246445,51,118861
231447,51,112843
232660,62,339776
218156,41,42686
181883,70,763476
258629,51,115218
215973,48,83017
252204,32,16633
185597,47,82407
261493,35,23757
212792,45,64567
-1,-1
-1,-1
-1,-1
-1,-1
-1,-1
-1,-1
-1,-1
-1,-1
-1,-1
-1,-1
196706,1
-1,-1
-1,-1
-1,-1
-1,-1
-1,-1
122754,14
-1,-1
-1,-1
-1,-1
-1,-1
-1,-1
-1,-1
-1,-1
-1,-1
-1,-1
-1,-1
-1,-1
-1,-1
-1,-1
-1,-1
-1,-1
-1,-1
-1,-1
-1,-1
-1,-1
-1,-1
-1,-1
-1,-1
-1,-1
-1,-1
-1,-1
-1,-1
-1,-1
-1,-1
-1,-1
-1,-1
-1,-1
-1,-1
-1,-1
-1,-1
-1,-1
-1,-1
-1,-1
-1,-1
-1,-1
29496,7
-1,-1
-1,-1
-1,-1
93975,50
-1,-1
-1,-1
-1,-1
-1,-1
-1,-1
-1,-1
-1,-1
-1,-1
-1,-1
-1,-1
-1,-1
-1,-1
-1,-1
-1,-1
-1,-1
86538,538
-1,-1
-1,-1
