378340,606,14187518
494789,30,13814
1619625,1,0
394959,36,24830
541208,24,7760
1560567,1,12
692144,9,1129
559052,13,1886
469535,35,23440
175060,69,682040
313865,45,63803
300118,56,192567
100799,99,13034548
529218,9,1005
1608104,1,18
363916,41,45400
422046,3,250
436470,30,14303
386651,31,16416
1617727,1,0
1617412,1,0
227671,27,10510
1617570,1,0
196168,43,53787
-1,-1
-1,-1
-1,-1
-1,-1
-1,-1
-1,-1
-1,-1
-1,-1
-1,-1
-1,-1
-1,-1
-1,-1
-1,-1
-1,-1
-1,-1
-1,-1
-1,-1
-1,-1
-1,-1
-1,-1
-1,-1
-1,-1
-1,-1
-1,-1
-1,-1
-1,-1
-1,-1
-1,-1
-1,-1
-1,-1
-1,-1
-1,-1
-1,-1
-1,-1
-1,-1
-1,-1
-1,-1
-1,-1
-1,-1
-1,-1
-1,-1
-1,-1
-1,-1
-1,-1
-1,-1
-1,-1
-1,-1
-1,-1
-1,-1
-1,-1
-1,-1
-1,-1
-1,-1
-1,-1
97418,14
-1,-1
-1,-1
-1,-1
-1,-1
-1,-1
-1,-1
-1,-1
-1,-1
-1,-1
-1,-1
-1,-1
-1,-1
74794,538
-1,-1
-1,-1
