255680,1329,20778810
214138,70,741325
227450,68,613669
228472,73,1046587
233778,72,982643
246882,66,516799
318780,44,57196
297947,61,330771
438203,50,109468
217108,71,882465
336056,56,187155
309836,66,510412
130965,99,13037079
309465,51,118861
293494,51,112843
300368,62,339776
273126,41,42686
231735,70,763476
330151,51,115218
268935,48,83017
318993,32,16633
249696,47,82407
327590,35,23757
264682,45,64567
-1,-1
-1,-1
-1,-1
-1,-1
-1,-1
-1,-1
-1,-1
-1,-1
-1,-1
-1,-1
236657,1
-1,-1
-1,-1
-1,-1
-1,-1
-1,-1
188347,14
-1,-1
-1,-1
-1,-1
-1,-1
-1,-1
-1,-1
-1,-1
-1,-1
-1,-1
-1,-1
-1,-1
-1,-1
-1,-1
-1,-1
-1,-1
-1,-1
-1,-1
-1,-1
-1,-1
-1,-1
-1,-1
-1,-1
-1,-1
-1,-1
-1,-1
-1,-1
-1,-1
-1,-1
-1,-1
-1,-1
-1,-1
-1,-1
-1,-1
-1,-1
-1,-1
-1,-1
-1,-1
-1,-1
-1,-1
-1,-1
-1,-1
-1,-1
-1,-1
77254,7
-1,-1
-1,-1
-1,-1
133687,50
-1,-1
-1,-1
-1,-1
-1,-1
-1,-1
-1,-1
-1,-1
-1,-1
-1,-1
-1,-1
-1,-1
-1,-1
-1,-1
-1,-1
-1,-1
-1,-1
-1,-1
105630,538
-1,-1
-1,-1
-1,-1
