222248,1210,18105829
231829,60,277096
190682,61,330551
189534,70,789202
209828,67,563188
222246,60,274258
243527,44,57171
256707,59,248273
399741,45,67890
191150,69,721904
281361,54,156203
317434,57,218576
105636,99,13036619
244307,51,113021
225003,51,112399
349926,47,80685
213318,41,41603
177441,70,762950
265537,50,101511
293463,25,8000
244988,32,16582
186597,45,66021
423017,9,1000
209708,44,61126
-1,-1
-1,-1
-1,-1
-1,-1
-1,-1
-1,-1
-1,-1
-1,-1
-1,-1
-1,-1
-1,-1
-1,-1
-1,-1
-1,-1
-1,-1
-1,-1
118735,11
-1,-1
-1,-1
-1,-1
-1,-1
-1,-1
-1,-1
-1,-1
-1,-1
-1,-1
-1,-1
-1,-1
-1,-1
-1,-1
-1,-1
-1,-1
-1,-1
-1,-1
-1,-1
-1,-1
-1,-1
-1,-1
-1,-1
-1,-1
-1,-1
-1,-1
-1,-1
-1,-1
-1,-1
-1,-1
-1,-1
-1,-1
-1,-1
-1,-1
-1,-1
-1,-1
-1,-1
-1,-1
-1,-1
-1,-1
-1,-1
123576,17
-1,-1
-1,-1
-1,-1
-1,-1
-1,-1
-1,-1
-1,-1
-1,-1
-1,-1
-1,-1
-1,-1
-1,-1
-1,-1
-1,-1
-1,-1
84070,538
-1,-1
-1,-1
