249149,1329,20778810
207620,70,741325
219975,68,613669
220698,73,1046587
226295,72,982643
239737,66,516799
309601,44,57196
290076,61,330771
426755,50,109468
212097,71,882465
327292,56,187155
303200,66,510412
128559,99,13037079
301490,51,118861
285944,51,112843
292850,62,339776
266380,41,42686
226134,70,763476
320193,51,115218
262844,48,83017
309432,32,16633
240574,47,82407
318516,35,23757
258657,45,64567
-1,-1
-1,-1
-1,-1
-1,-1
-1,-1
-1,-1
-1,-1
-1,-1
-1,-1
-1,-1
232199,1
-1,-1
-1,-1
-1,-1
-1,-1
-1,-1
179325,14
-1,-1
-1,-1
-1,-1
-1,-1
-1,-1
-1,-1
-1,-1
-1,-1
-1,-1
-1,-1
-1,-1
-1,-1
-1,-1
-1,-1
-1,-1
-1,-1
-1,-1
-1,-1
-1,-1
-1,-1
-1,-1
-1,-1
-1,-1
-1,-1
-1,-1
-1,-1
-1,-1
-1,-1
-1,-1
-1,-1
-1,-1
-1,-1
-1,-1
-1,-1
-1,-1
-1,-1
-1,-1
-1,-1
-1,-1
-1,-1
-1,-1
-1,-1
71793,7
-1,-1
-1,-1
-1,-1
127872,50
-1,-1
-1,-1
-1,-1
-1,-1
-1,-1
-1,-1
-1,-1
-1,-1
-1,-1
-1,-1
-1,-1
-1,-1
-1,-1
-1,-1
-1,-1
-1,-1
-1,-1
103336,538
-1,-1
-1,-1
-1,-1
