219704,1210,18105829
229218,60,277096
188524,61,330551
187210,70,789202
207427,67,563188
219806,60,274258
240693,44,57171
253940,59,248273
395527,45,67890
188668,69,721904
278084,54,156203
314000,57,218576
104289,99,13036619
241498,51,113021
222329,51,112399
345924,47,80685
210924,41,41603
175500,70,762950
262480,50,101511
290516,25,8000
242224,32,16582
183677,45,66021
419948,9,1000
207140,44,61126
-1,-1
-1,-1
-1,-1
-1,-1
-1,-1
-1,-1
-1,-1
-1,-1
-1,-1
-1,-1
-1,-1
-1,-1
-1,-1
-1,-1
-1,-1
-1,-1
115409,11
-1,-1
-1,-1
-1,-1
-1,-1
-1,-1
-1,-1
-1,-1
-1,-1
-1,-1
-1,-1
-1,-1
-1,-1
-1,-1
-1,-1
-1,-1
-1,-1
-1,-1
-1,-1
-1,-1
-1,-1
-1,-1
-1,-1
-1,-1
-1,-1
-1,-1
-1,-1
-1,-1
-1,-1
-1,-1
-1,-1
-1,-1
-1,-1
-1,-1
-1,-1
-1,-1
-1,-1
-1,-1
-1,-1
-1,-1
120447,17
-1,-1
-1,-1
-1,-1
-1,-1
-1,-1
-1,-1
-1,-1
-1,-1
-1,-1
-1,-1
-1,-1
-1,-1
-1,-1
-1,-1
-1,-1
82950,538
-1,-1
-1,-1
