217620,1210,18105829
227131,60,277096
186758,61,330551
185419,70,789202
205511,67,563188
217825,60,274258
238361,44,57171
251673,59,248273
392010,45,67890
186500,69,721904
275490,54,156203
311136,57,218576
103069,99,13036619
239202,51,113021
220032,51,112399
342659,47,80685
209002,41,41603
173709,70,762950
259883,50,101511
288015,25,8000
239915,32,16582
181197,45,66021
417312,9,1000
204986,44,61126
-1,-1
-1,-1
-1,-1
-1,-1
-1,-1
-1,-1
-1,-1
-1,-1
-1,-1
-1,-1
-1,-1
-1,-1
-1,-1
-1,-1
-1,-1
-1,-1
112532,11
-1,-1
-1,-1
-1,-1
-1,-1
-1,-1
-1,-1
-1,-1
-1,-1
-1,-1
-1,-1
-1,-1
-1,-1
-1,-1
-1,-1
-1,-1
-1,-1
-1,-1
-1,-1
-1,-1
-1,-1
-1,-1
-1,-1
-1,-1
-1,-1
-1,-1
-1,-1
-1,-1
-1,-1
-1,-1
-1,-1
-1,-1
-1,-1
-1,-1
-1,-1
-1,-1
-1,-1
-1,-1
-1,-1
-1,-1
117723,17
-1,-1
-1,-1
-1,-1
-1,-1
-1,-1
-1,-1
-1,-1
-1,-1
-1,-1
-1,-1
-1,-1
-1,-1
-1,-1
-1,-1
-1,-1
81984,538
-1,-1
-1,-1
