269781,1329,20778810
228652,70,741325
242397,68,613669
243721,73,1046587
249053,72,982643
260645,66,516799
334761,44,57196
313711,61,330771
455570,50,109468
227400,71,882465
350995,56,187155
322486,66,510412
134541,99,13037079
324757,51,118861
308598,51,112843
315696,62,339776
287035,41,42686
243131,70,763476
348193,51,115218
282249,48,83017
335965,32,16633
264080,47,82407
344046,35,23757
277444,45,64567
-1,-1
-1,-1
-1,-1
-1,-1
-1,-1
-1,-1
-1,-1
-1,-1
-1,-1
-1,-1
246392,1
-1,-1
-1,-1
-1,-1
-1,-1
-1,-1
202523,14
-1,-1
-1,-1
-1,-1
-1,-1
-1,-1
-1,-1
-1,-1
-1,-1
-1,-1
-1,-1
-1,-1
-1,-1
-1,-1
-1,-1
-1,-1
-1,-1
-1,-1
-1,-1
-1,-1
-1,-1
-1,-1
-1,-1
-1,-1
-1,-1
-1,-1
-1,-1
-1,-1
-1,-1
-1,-1
-1,-1
-1,-1
-1,-1
-1,-1
-1,-1
-1,-1
-1,-1
-1,-1
-1,-1
-1,-1
-1,-1
-1,-1
-1,-1
-1,-1
86600,7
-1,-1
-1,-1
-1,-1
143651,50
-1,-1
-1,-1
-1,-1
-1,-1
-1,-1
-1,-1
-1,-1
-1,-1
-1,-1
-1,-1
-1,-1
-1,-1
-1,-1
-1,-1
-1,-1
-1,-1
-1,-1
108974,538
-1,-1
-1,-1
-1,-1
