336554,709,14290638
333933,44,55935
1619811,1,0
395088,36,24830
509186,26,9345
1560726,1,12
540594,14,2140
453402,29,12484
462730,36,25528
175154,69,682040
312705,45,65116
300234,56,192587
100866,99,13034548
405118,27,9841
406187,32,17771
363335,42,45687
352052,10,1250
392599,36,26192
365049,33,20091
1617803,1,0
1617456,1,0
227829,27,10510
1617638,1,0
195444,43,54731
-1,-1
-1,-1
-1,-1
-1,-1
-1,-1
-1,-1
-1,-1
-1,-1
-1,-1
-1,-1
-1,-1
-1,-1
-1,-1
-1,-1
-1,-1
-1,-1
-1,-1
-1,-1
-1,-1
-1,-1
-1,-1
-1,-1
-1,-1
-1,-1
-1,-1
-1,-1
-1,-1
-1,-1
-1,-1
-1,-1
-1,-1
-1,-1
-1,-1
-1,-1
-1,-1
-1,-1
-1,-1
-1,-1
-1,-1
-1,-1
-1,-1
-1,-1
-1,-1
-1,-1
-1,-1
-1,-1
-1,-1
-1,-1
-1,-1
-1,-1
-1,-1
-1,-1
-1,-1
-1,-1
97603,14
-1,-1
-1,-1
-1,-1
-1,-1
-1,-1
-1,-1
-1,-1
-1,-1
-1,-1
-1,-1
-1,-1
-1,-1
74848,538
-1,-1
-1,-1
