256198,1329,20778810
214655,70,741325
228053,68,613669
229103,73,1046587
234435,72,982643
247494,66,516799
319456,44,57196
298617,61,330771
439014,50,109468
217474,71,882465
336752,56,187155
310319,66,510412
131139,99,13037079
310085,51,118861
294085,51,112843
300944,62,339776
273730,41,42686
232145,70,763476
330869,51,115218
269389,48,83017
319753,32,16633
250280,47,82407
328314,35,23757
265155,45,64567
-1,-1
-1,-1
-1,-1
-1,-1
-1,-1
-1,-1
-1,-1
-1,-1
-1,-1
-1,-1
237013,1
-1,-1
-1,-1
-1,-1
-1,-1
-1,-1
188925,14
-1,-1
-1,-1
-1,-1
-1,-1
-1,-1
-1,-1
-1,-1
-1,-1
-1,-1
-1,-1
-1,-1
-1,-1
-1,-1
-1,-1
-1,-1
-1,-1
-1,-1
-1,-1
-1,-1
-1,-1
-1,-1
-1,-1
-1,-1
-1,-1
-1,-1
-1,-1
-1,-1
-1,-1
-1,-1
-1,-1
-1,-1
-1,-1
-1,-1
-1,-1
-1,-1
-1,-1
-1,-1
-1,-1
-1,-1
-1,-1
-1,-1
-1,-1
-1,-1
77586,7
-1,-1
-1,-1
-1,-1
134098,50
-1,-1
-1,-1
-1,-1
-1,-1
-1,-1
-1,-1
-1,-1
-1,-1
-1,-1
-1,-1
-1,-1
-1,-1
-1,-1
-1,-1
-1,-1
-1,-1
-1,-1
105851,538
-1,-1
-1,-1
-1,-1
