299295,1330,20778810
255710,70,741325
269957,68,613669
272194,73,1046587
277670,72,982643
287322,66,516799
368618,44,57196
345683,61,330771
492117,50,109468
254405,71,882465
381117,56,187155
349565,66,510412
142439,99,13037079
356338,51,118861
340882,51,112843
350403,62,339776
314625,41,42686
268645,70,763476
384683,51,115218
310198,48,83017
368986,32,16633
292846,47,82407
377051,35,23757
306770,45,64567
-1,1,0
-1,-1
-1,-1
-1,-1
-1,-1
-1,-1
-1,-1
-1,-1
-1,-1
-1,-1
-1,-1
-1,-1
266345,1
-1,-1
-1,-1
-1,-1
-1,-1
-1,-1
231086,14
-1,-1
-1,-1
-1,-1
-1,-1
-1,-1
-1,-1
-1,-1
-1,-1
-1,0
-1,-1
-1,-1
-1,-1
-1,-1
-1,-1
-1,-1
-1,-1
-1,-1
-1,-1
-1,-1
-1,-1
-1,-1
-1,-1
-1,-1
-1,-1
-1,-1
-1,-1
-1,-1
-1,-1
-1,-1
-1,-1
-1,-1
-1,-1
-1,-1
-1,-1
-1,-1
-1,-1
-1,-1
-1,-1
-1,-1
-1,-1
-1,-1
-1,-1
-1,-1
-1,-1
104271,7
-1,-1
-1,-1
-1,-1
-1,-1
166813,50
-1,-1
-1,-1
-1,-1
-1,-1
-1,-1
-1,-1
-1,-1
-1,-1
-1,-1
-1,-1
-1,-1
-1,-1
-1,-1
-1,-1
-1,-1
-1,-1
-1,-1
115276,538
-1,-1
-1,-1
-1,-1
