245560,1329,20778810
204463,70,741325
216679,68,613669
217579,73,1046587
223067,72,982643
236604,66,516799
304623,44,57196
285724,61,330771
420996,50,109468
209211,71,882465
323379,56,187155
299505,66,510412
127185,99,13037079
296893,51,118861
281694,51,112843
288327,62,339776
262524,41,42686
222596,70,763476
314595,51,115218
259197,48,83017
304396,32,16633
236083,47,82407
313814,35,23757
255245,45,64567
-1,-1
-1,-1
-1,-1
-1,-1
-1,-1
-1,-1
-1,-1
-1,-1
-1,-1
-1,-1
229296,1
-1,-1
-1,-1
-1,-1
-1,-1
-1,-1
174741,14
-1,-1
-1,-1
-1,-1
-1,-1
-1,-1
-1,-1
-1,-1
-1,-1
-1,-1
-1,-1
-1,-1
-1,-1
-1,-1
-1,-1
-1,-1
-1,-1
-1,-1
-1,-1
-1,-1
-1,-1
-1,-1
-1,-1
-1,-1
-1,-1
-1,-1
-1,-1
-1,-1
-1,-1
-1,-1
-1,-1
-1,-1
-1,-1
-1,-1
-1,-1
-1,-1
-1,-1
-1,-1
-1,-1
-1,-1
-1,-1
-1,-1
-1,-1
68518,7
-1,-1
-1,-1
-1,-1
124930,50
-1,-1
-1,-1
-1,-1
-1,-1
-1,-1
-1,-1
-1,-1
-1,-1
-1,-1
-1,-1
-1,-1
-1,-1
-1,-1
-1,-1
-1,-1
-1,-1
-1,-1
102055,538
-1,-1
-1,-1
-1,-1
