249296,1329,20778810
207775,70,741325
220128,68,613669
220829,73,1046587
226448,72,982643
239866,66,516799
309841,44,57196
290278,61,330771
427035,50,109468
212199,71,882465
327452,56,187155
303314,66,510412
128582,99,13037079
301645,51,118861
286170,51,112843
293036,62,339776
266553,41,42686
226312,70,763476
320521,51,115218
263035,48,83017
309661,32,16633
240802,47,82407
318724,35,23757
258792,45,64567
-1,-1
-1,-1
-1,-1
-1,-1
-1,-1
-1,-1
-1,-1
-1,-1
-1,-1
-1,-1
232343,1
-1,-1
-1,-1
-1,-1
-1,-1
-1,-1
179558,14
-1,-1
-1,-1
-1,-1
-1,-1
-1,-1
-1,-1
-1,-1
-1,-1
-1,-1
-1,-1
-1,-1
-1,-1
-1,-1
-1,-1
-1,-1
-1,-1
-1,-1
-1,-1
-1,-1
-1,-1
-1,-1
-1,-1
-1,-1
-1,-1
-1,-1
-1,-1
-1,-1
-1,-1
-1,-1
-1,-1
-1,-1
-1,-1
-1,-1
-1,-1
-1,-1
-1,-1
-1,-1
-1,-1
-1,-1
-1,-1
-1,-1
-1,-1
72023,7
-1,-1
-1,-1
-1,-1
127998,50
-1,-1
-1,-1
-1,-1
-1,-1
-1,-1
-1,-1
-1,-1
-1,-1
-1,-1
-1,-1
-1,-1
-1,-1
-1,-1
-1,-1
-1,-1
-1,-1
-1,-1
103360,538
-1,-1
-1,-1
-1,-1
