336596,709,14290638
333958,44,55935
1619854,1,0
395115,36,24830
509221,26,9345
1560766,1,12
540635,14,2140
453435,29,12484
462763,36,25528
175174,69,682040
312735,45,65116
300270,56,192587
100886,99,13034548
405145,27,9841
406214,32,17771
363376,42,45687
352077,10,1250
392635,36,26192
365091,33,20091
1617831,1,0
1617472,1,0
227859,27,10510
1617663,1,0
195473,43,54731
-1,-1
-1,-1
-1,-1
-1,-1
-1,-1
-1,-1
-1,-1
-1,-1
-1,-1
-1,-1
-1,-1
-1,-1
-1,-1
-1,-1
-1,-1
-1,-1
-1,-1
-1,-1
-1,-1
-1,-1
-1,-1
-1,-1
-1,-1
-1,-1
-1,-1
-1,-1
-1,-1
-1,-1
-1,-1
-1,-1
-1,-1
-1,-1
-1,-1
-1,-1
-1,-1
-1,-1
-1,-1
-1,-1
-1,-1
-1,-1
-1,-1
-1,-1
-1,-1
-1,-1
-1,-1
-1,-1
-1,-1
-1,-1
-1,-1
-1,-1
-1,-1
-1,-1
-1,-1
-1,-1
97647,14
-1,-1
-1,-1
-1,-1
-1,-1
-1,-1
-1,-1
-1,-1
-1,-1
-1,-1
-1,-1
-1,-1
-1,-1
74865,538
-1,-1
-1,-1
