225100,1167,16862712
225441,60,277076
254435,48,84651
260912,56,192410
238559,60,283127
216155,60,274258
236591,44,57148
249860,59,248195
390389,45,66890
188215,69,691546
327654,46,69322
308668,57,218576
102164,99,13036619
238395,51,112021
218146,51,112399
339945,47,80685
207431,41,41603
172303,70,762946
257872,50,101511
286119,25,8000
239488,31,15582
179146,45,66021
415377,9,1000
203290,44,61126
-1,-1
-1,-1
-1,-1
-1,-1
-1,-1
-1,-1
-1,-1
-1,-1
-1,-1
-1,-1
-1,-1
-1,-1
-1,-1
-1,-1
-1,-1
-1,-1
110152,11
-1,-1
-1,-1
-1,-1
-1,-1
-1,-1
-1,-1
-1,-1
-1,-1
-1,-1
-1,-1
-1,-1
-1,-1
-1,-1
-1,-1
-1,-1
-1,-1
-1,-1
-1,-1
-1,-1
-1,-1
-1,-1
-1,-1
-1,-1
-1,-1
-1,-1
-1,-1
-1,-1
-1,-1
-1,-1
-1,-1
-1,-1
-1,-1
-1,-1
-1,-1
-1,-1
-1,-1
-1,-1
-1,-1
-1,-1
115198,17
-1,-1
-1,-1
-1,-1
-1,-1
-1,-1
-1,-1
-1,-1
-1,-1
-1,-1
-1,-1
-1,-1
-1,-1
-1,-1
-1,-1
-1,-1
81249,538
-1,-1
-1,-1
