296831,1330,20778810
253245,70,741325
267405,68,613669
269515,73,1046587
275028,72,982643
284863,66,516799
365742,44,57196
343033,61,330771
489014,50,109468
252124,71,882465
378765,56,187155
347215,66,510412
141943,99,13037079
353833,51,118861
338213,51,112843
347422,62,339776
312331,41,42686
266659,70,763476
381783,51,115218
307958,48,83017
366412,32,16633
290663,47,82407
374373,35,23757
304600,45,64567
-1,1,0
-1,-1
-1,-1
-1,-1
-1,-1
-1,-1
-1,-1
-1,-1
-1,-1
-1,-1
-1,-1
-1,-1
264602,1
-1,-1
-1,-1
-1,-1
-1,-1
-1,-1
228946,14
-1,-1
-1,-1
-1,-1
-1,-1
-1,-1
-1,-1
-1,-1
-1,-1
-1,0
-1,-1
-1,-1
-1,-1
-1,-1
-1,-1
-1,-1
-1,-1
-1,-1
-1,-1
-1,-1
-1,-1
-1,-1
-1,-1
-1,-1
-1,-1
-1,-1
-1,-1
-1,-1
-1,-1
-1,-1
-1,-1
-1,-1
-1,-1
-1,-1
-1,-1
-1,-1
-1,-1
-1,-1
-1,-1
-1,-1
-1,-1
-1,-1
-1,-1
-1,-1
-1,-1
102862,7
-1,-1
-1,-1
-1,-1
-1,-1
165134,50
-1,-1
-1,-1
-1,-1
-1,-1
-1,-1
-1,-1
-1,-1
-1,-1
-1,-1
-1,-1
-1,-1
-1,-1
-1,-1
-1,-1
-1,-1
-1,-1
-1,-1
115005,538
-1,-1
-1,-1
-1,-1
