305761,1330,20778810
262256,70,741325
276660,68,613669
278935,73,1046587
284476,72,982643
293750,66,516799
376892,44,57196
353233,61,330771
500919,50,109468
260767,71,882465
387758,56,187155
355939,66,510412
144215,99,13037079
363617,51,118861
348461,51,112843
358267,62,339776
321116,41,42686
274626,70,763476
392779,51,115218
317002,48,83017
376651,32,16633
299398,47,82407
384709,35,23757
313006,45,64567
-1,1,0
-1,-1
-1,-1
-1,-1
-1,-1
-1,-1
-1,-1
-1,-1
-1,-1
-1,-1
-1,-1
-1,-1
271133,1
-1,-1
-1,-1
-1,-1
-1,-1
-1,-1
237537,14
-1,-1
-1,-1
-1,-1
-1,-1
-1,-1
-1,-1
-1,-1
-1,-1
-1,0
-1,-1
-1,-1
-1,-1
-1,-1
-1,-1
-1,-1
-1,-1
-1,-1
-1,-1
-1,-1
-1,-1
-1,-1
-1,-1
-1,-1
-1,-1
-1,-1
-1,-1
-1,-1
-1,-1
-1,-1
-1,-1
-1,-1
-1,-1
-1,-1
-1,-1
-1,-1
-1,-1
-1,-1
-1,0
-1,-1
-1,-1
-1,-1
-1,-1
-1,-1
-1,-1
-1,-1
108294,7
-1,-1
-1,-1
-1,-1
-1,-1
171694,50
-1,-1
-1,-1
-1,-1
-1,-1
-1,-1
-1,-1
-1,-1
-1,-1
-1,-1
-1,-1
-1,-1
-1,-1
-1,-1
-1,-1
-1,-1
-1,-1
-1,-1
116338,538
-1,-1
-1,-1
-1,-1
