212436,1329,20778810
175994,70,741325
187029,68,613669
187514,73,1046587
192434,72,982643
206466,66,516799
262786,44,57196
246348,61,330771
372614,50,109468
179649,71,882465
286058,56,187155
264821,66,510412
112686,99,13037079
257319,51,118861
242208,51,112843
245202,62,339776
228070,41,42686
190261,70,763476
270645,51,115218
225656,48,83017
263651,32,16633
196861,47,82407
273242,35,23757
222719,45,64567
-1,-1
-1,-1
-1,-1
-1,-1
-1,-1
-1,-1
-1,-1
-1,-1
-1,-1
-1,-1
203451,1
-1,-1
-1,-1
-1,-1
-1,-1
-1,-1
134531,14
-1,-1
-1,-1
-1,-1
-1,-1
-1,-1
-1,-1
-1,-1
-1,-1
-1,-1
-1,-1
-1,-1
-1,-1
-1,-1
-1,-1
-1,-1
-1,-1
-1,-1
-1,-1
-1,-1
-1,-1
-1,-1
-1,-1
-1,-1
-1,-1
-1,-1
-1,-1
-1,-1
-1,-1
-1,-1
-1,-1
-1,-1
-1,-1
-1,-1
-1,-1
-1,-1
-1,-1
-1,-1
-1,-1
-1,-1
39774,7
-1,-1
-1,-1
-1,-1
100743,50
-1,-1
-1,-1
-1,-1
-1,-1
-1,-1
-1,-1
-1,-1
-1,-1
-1,-1
-1,-1
-1,-1
-1,-1
-1,-1
-1,-1
-1,-1
90512,538
-1,-1
-1,-1
