209389,1329,20778810
173449,70,741325
184300,68,613669
184870,73,1046587
189625,72,982643
203693,66,516799
258830,44,57196
242789,61,330771
368091,50,109468
176916,71,882465
282038,56,187155
261423,66,510412
111136,99,13037079
253766,51,118861
238755,51,112843
241231,62,339776
224847,41,42686
187521,70,763476
266757,51,115218
222511,48,83017
259902,32,16633
193149,47,82407
269522,35,23757
219466,45,64567
-1,-1
-1,-1
-1,-1
-1,-1
-1,-1
-1,-1
-1,-1
-1,-1
-1,-1
-1,-1
201136,1
-1,-1
-1,-1
-1,-1
-1,-1
-1,-1
130617,14
-1,-1
-1,-1
-1,-1
-1,-1
-1,-1
-1,-1
-1,-1
-1,-1
-1,-1
-1,-1
-1,-1
-1,-1
-1,-1
-1,-1
-1,-1
-1,-1
-1,-1
-1,-1
-1,-1
-1,-1
-1,-1
-1,-1
-1,-1
-1,-1
-1,-1
-1,-1
-1,-1
-1,-1
-1,-1
-1,-1
-1,-1
-1,-1
-1,-1
-1,-1
-1,-1
-1,-1
-1,-1
-1,-1
-1,-1
36448,7
-1,-1
-1,-1
-1,-1
98584,50
-1,-1
-1,-1
-1,-1
-1,-1
-1,-1
-1,-1
-1,-1
-1,-1
-1,-1
-1,-1
-1,-1
-1,-1
-1,-1
-1,-1
-1,-1
89294,538
-1,-1
-1,-1
