285005,1330,20778810
241691,70,741325
255680,68,613669
257461,73,1046587
262800,72,982643
273372,66,516799
351122,44,57196
330124,61,330771
474306,50,109468
241330,71,882465
368231,56,187155
336504,66,510412
140004,99,13037079
341796,51,118861
324857,51,112843
334212,62,339776
300835,41,42686
257126,70,763476
368346,51,115218
295812,48,83017
354255,32,16633
280011,47,82407
362015,35,23757
293485,45,64567
-1,1,0
-1,-1
-1,-1
-1,-1
-1,-1
-1,-1
-1,-1
-1,-1
-1,-1
-1,-1
-1,-1
-1,-1
255638,1
-1,-1
-1,-1
-1,-1
-1,-1
-1,-1
218238,14
-1,-1
-1,-1
-1,-1
-1,-1
-1,-1
-1,-1
-1,-1
-1,-1
-1,-1
-1,-1
-1,-1
-1,-1
-1,-1
-1,-1
-1,-1
-1,-1
-1,-1
-1,-1
-1,-1
-1,-1
-1,-1
-1,-1
-1,-1
-1,-1
-1,-1
-1,-1
-1,-1
-1,-1
-1,-1
-1,-1
-1,-1
-1,-1
-1,-1
-1,-1
-1,-1
-1,-1
-1,-1
-1,-1
-1,-1
-1,-1
-1,-1
-1,-1
-1,-1
94539,7
-1,-1
-1,-1
-1,-1
-1,-1
156441,50
-1,-1
-1,-1
-1,-1
-1,-1
-1,-1
-1,-1
-1,-1
-1,-1
-1,-1
-1,-1
-1,-1
-1,-1
-1,-1
-1,-1
-1,-1
-1,-1
-1,-1
114658,538
-1,-1
-1,-1
-1,-1
