285007,1330,20778810
241689,70,741325
255677,68,613669
257459,73,1046587
262798,72,982643
273371,66,516799
351121,44,57196
330121,61,330771
474313,50,109468
241329,71,882465
368229,56,187155
336501,66,510412
140005,99,13037079
341797,51,118861
324856,51,112843
334215,62,339776
300839,41,42686
257124,70,763476
368351,51,115218
295813,48,83017
354255,32,16633
280012,47,82407
362017,35,23757
293486,45,64567
-1,1,0
-1,-1
-1,-1
-1,-1
-1,-1
-1,-1
-1,-1
-1,-1
-1,-1
-1,-1
-1,-1
-1,-1
255637,1
-1,-1
-1,-1
-1,-1
-1,-1
-1,-1
218240,14
-1,-1
-1,-1
-1,-1
-1,-1
-1,-1
-1,-1
-1,-1
-1,-1
-1,-1
-1,-1
-1,-1
-1,-1
-1,-1
-1,-1
-1,-1
-1,-1
-1,-1
-1,-1
-1,-1
-1,-1
-1,-1
-1,-1
-1,-1
-1,-1
-1,-1
-1,-1
-1,-1
-1,-1
-1,-1
-1,-1
-1,-1
-1,-1
-1,-1
-1,-1
-1,-1
-1,-1
-1,-1
-1,-1
-1,-1
-1,-1
-1,-1
-1,-1
-1,-1
94540,7
-1,-1
-1,-1
-1,-1
-1,-1
156443,50
-1,-1
-1,-1
-1,-1
-1,-1
-1,-1
-1,-1
-1,-1
-1,-1
-1,-1
-1,-1
-1,-1
-1,-1
-1,-1
-1,-1
-1,-1
-1,-1
-1,-1
114658,538
-1,-1
-1,-1
-1,-1
