285024,1330,20778810
241701,70,741325
255683,68,613669
257452,73,1046587
262795,72,982643
273364,66,516799
351121,44,57196
330138,61,330771
474327,50,109468
241342,71,882465
368229,56,187155
336506,66,510412
140009,99,13037079
341817,51,118861
324851,51,112843
334242,62,339776
300843,41,42686
257142,70,763476
368357,51,115218
295807,48,83017
354263,32,16633
280034,47,82407
362034,35,23757
293501,45,64567
-1,1,0
-1,-1
-1,-1
-1,-1
-1,-1
-1,-1
-1,-1
-1,-1
-1,-1
-1,-1
-1,-1
-1,-1
255628,1
-1,-1
-1,-1
-1,-1
-1,-1
-1,-1
218256,14
-1,-1
-1,-1
-1,-1
-1,-1
-1,-1
-1,-1
-1,-1
-1,-1
-1,-1
-1,-1
-1,-1
-1,-1
-1,-1
-1,-1
-1,-1
-1,-1
-1,-1
-1,-1
-1,-1
-1,-1
-1,-1
-1,-1
-1,-1
-1,-1
-1,-1
-1,-1
-1,-1
-1,-1
-1,-1
-1,-1
-1,-1
-1,-1
-1,-1
-1,-1
-1,-1
-1,-1
-1,-1
-1,-1
-1,-1
-1,-1
-1,-1
-1,-1
-1,-1
94549,7
-1,-1
-1,-1
-1,-1
-1,-1
156454,50
-1,-1
-1,-1
-1,-1
-1,-1
-1,-1
-1,-1
-1,-1
-1,-1
-1,-1
-1,-1
-1,-1
-1,-1
-1,-1
-1,-1
-1,-1
-1,-1
-1,-1
114660,538
-1,-1
-1,-1
-1,-1
