222407,1210,18105829
231990,60,277096
190824,61,330551
189679,70,789202
209981,67,563188
222400,60,274258
243736,44,57171
256876,59,248273
400047,45,67890
191314,69,721904
281567,54,156203
317645,57,218576
105731,99,13036619
244492,51,113021
225181,51,112399
350237,47,80685
213474,41,41603
177548,70,762950
265771,50,101511
293710,25,8000
245195,32,16582
186799,45,66021
423220,9,1000
209870,44,61126
-1,-1
-1,-1
-1,-1
-1,-1
-1,-1
-1,-1
-1,-1
-1,-1
-1,-1
-1,-1
-1,-1
-1,-1
-1,-1
-1,-1
-1,-1
-1,-1
118974,11
-1,-1
-1,-1
-1,-1
-1,-1
-1,-1
-1,-1
-1,-1
-1,-1
-1,-1
-1,-1
-1,-1
-1,-1
-1,-1
-1,-1
-1,-1
-1,-1
-1,-1
-1,-1
-1,-1
-1,-1
-1,-1
-1,-1
-1,-1
-1,-1
-1,-1
-1,-1
-1,-1
-1,-1
-1,-1
-1,-1
-1,-1
-1,-1
-1,-1
-1,-1
-1,-1
-1,-1
-1,-1
-1,-1
-1,-1
-1,-1
123789,17
-1,-1
-1,-1
-1,-1
-1,-1
-1,-1
-1,-1
-1,-1
-1,-1
-1,-1
-1,-1
-1,-1
-1,-1
-1,-1
-1,-1
-1,-1
84161,538
-1,-1
-1,-1
