228336,1329,20778810
189307,70,741325
201001,68,613669
201756,73,1046587
206910,72,982643
220914,66,516799
282570,44,57196
265161,61,330771
395680,50,109468
194178,71,882465
304447,56,187155
281477,66,510412
119964,99,13037079
275995,51,118861
260623,51,112843
265644,62,339776
244377,41,42686
205754,70,763476
290852,51,115218
241568,48,83017
282113,32,16633
215710,47,82407
291723,35,23757
238335,45,64567
-1,-1
-1,-1
-1,-1
-1,-1
-1,-1
-1,-1
-1,-1
-1,-1
-1,-1
-1,-1
215695,1
-1,-1
-1,-1
-1,-1
-1,-1
-1,-1
154152,14
-1,-1
-1,-1
-1,-1
-1,-1
-1,-1
-1,-1
-1,-1
-1,-1
-1,-1
-1,-1
-1,-1
-1,-1
-1,-1
-1,-1
-1,-1
-1,-1
-1,-1
-1,-1
-1,-1
-1,-1
-1,-1
-1,-1
-1,-1
-1,-1
-1,-1
-1,-1
-1,-1
-1,-1
-1,-1
-1,-1
-1,-1
-1,-1
-1,-1
-1,-1
-1,-1
-1,-1
-1,-1
-1,-1
-1,-1
-1,-1
-1,-1
53550,7
-1,-1
-1,-1
-1,-1
111820,50
-1,-1
-1,-1
-1,-1
-1,-1
-1,-1
-1,-1
-1,-1
-1,-1
-1,-1
-1,-1
-1,-1
-1,-1
-1,-1
-1,-1
-1,-1
-1,-1
96269,538
-1,-1
-1,-1
