222274,1167,16862712
222950,60,277076
251619,48,84651
258111,56,192410
235916,60,283127
213808,60,274258
233825,44,57148
246894,59,248195
386205,45,66890
185399,69,691546
323902,46,69322
305168,57,218576
100674,99,13036619
234918,51,112021
215238,51,112399
335408,47,80685
204965,41,41603
170125,70,762946
254508,50,101511
283040,25,8000
236348,31,15582
175644,45,66021
412076,9,1000
200511,44,61126
-1,-1
-1,-1
-1,-1
-1,-1
-1,-1
-1,-1
-1,-1
-1,-1
-1,-1
-1,-1
-1,-1
-1,-1
-1,-1
-1,-1
-1,-1
-1,-1
106010,11
-1,-1
-1,-1
-1,-1
-1,-1
-1,-1
-1,-1
-1,-1
-1,-1
-1,-1
-1,-1
-1,-1
-1,-1
-1,-1
-1,-1
-1,-1
-1,-1
-1,-1
-1,-1
-1,-1
-1,-1
-1,-1
-1,-1
-1,-1
-1,-1
-1,-1
-1,-1
-1,-1
-1,-1
-1,-1
-1,-1
-1,-1
-1,-1
-1,-1
-1,-1
-1,-1
-1,-1
-1,-1
-1,-1
-1,-1
111448,17
-1,-1
-1,-1
-1,-1
-1,-1
-1,-1
-1,-1
-1,-1
-1,-1
-1,-1
-1,-1
-1,-1
-1,-1
-1,-1
-1,-1
-1,-1
80022,538
-1,-1
-1,-1
