235740,1329,20778810
195751,70,741325
207607,68,613669
208678,73,1046587
213885,72,982643
227806,66,516799
291980,44,57196
273959,61,330771
406651,50,109468
200936,71,882465
312727,56,187155
289436,66,510412
123058,99,13037079
284834,51,118861
269652,51,112843
275414,62,339776
252162,41,42686
212717,70,763476
300817,51,115218
249177,48,83017
291244,32,16633
224630,47,82407
300732,35,23757
245613,45,64567
-1,-1
-1,-1
-1,-1
-1,-1
-1,-1
-1,-1
-1,-1
-1,-1
-1,-1
-1,-1
221631,1
-1,-1
-1,-1
-1,-1
-1,-1
-1,-1
163265,14
-1,-1
-1,-1
-1,-1
-1,-1
-1,-1
-1,-1
-1,-1
-1,-1
-1,-1
-1,-1
-1,-1
-1,-1
-1,-1
-1,-1
-1,-1
-1,-1
-1,-1
-1,-1
-1,-1
-1,-1
-1,-1
-1,-1
-1,-1
-1,-1
-1,-1
-1,-1
-1,-1
-1,-1
-1,-1
-1,-1
-1,-1
-1,-1
-1,-1
-1,-1
-1,-1
-1,-1
-1,-1
-1,-1
-1,-1
-1,-1
-1,-1
-1,-1
59671,7
-1,-1
-1,-1
-1,-1
117175,50
-1,-1
-1,-1
-1,-1
-1,-1
-1,-1
-1,-1
-1,-1
-1,-1
-1,-1
-1,-1
-1,-1
-1,-1
-1,-1
-1,-1
-1,-1
-1,-1
-1,-1
98673,538
-1,-1
-1,-1
