216860,1167,16855976
217875,60,277076
246018,48,84651
253567,56,187354
230915,60,281447
208932,60,274258
228272,44,57148
241094,59,248195
377859,45,66890
180347,69,691546
316230,46,69322
298079,57,218576
97634,99,13036619
228415,51,112021
209563,51,112399
326489,47,80685
200023,41,41603
165532,70,762946
248130,50,101511
277036,25,8000
230605,31,15582
168851,45,66021
406934,9,1000
195301,44,61126
-1,-1
-1,-1
-1,-1
-1,-1
-1,-1
-1,-1
-1,-1
-1,-1
-1,-1
-1,-1
-1,-1
-1,-1
-1,-1
-1,-1
-1,-1
98106,11
-1,-1
-1,-1
-1,-1
-1,-1
-1,-1
-1,-1
-1,-1
-1,-1
-1,-1
-1,-1
-1,-1
-1,-1
-1,-1
-1,-1
-1,-1
-1,-1
-1,-1
-1,-1
-1,-1
-1,-1
-1,-1
-1,-1
-1,-1
-1,-1
-1,-1
-1,-1
-1,-1
-1,-1
-1,-1
-1,-1
-1,-1
-1,-1
-1,-1
-1,-1
-1,-1
-1,-1
-1,-1
-1,-1
-1,-1
103964,17
-1,-1
-1,-1
-1,-1
-1,-1
-1,-1
-1,-1
-1,-1
-1,-1
-1,-1
-1,-1
-1,-1
-1,-1
-1,-1
-1,-1
-1,-1
77488,538
-1,-1
-1,-1
