235771,1329,20778810
195768,70,741325
207643,68,613669
208707,73,1046587
213904,72,982643
227831,66,516799
292013,44,57196
273991,61,330771
406684,50,109468
200963,71,882465
312745,56,187155
289460,66,510412
123064,99,13037079
284862,51,118861
269686,51,112843
275446,62,339776
252196,41,42686
212729,70,763476
300843,51,115218
249207,48,83017
291281,32,16633
224646,47,82407
300772,35,23757
245636,45,64567
-1,-1
-1,-1
-1,-1
-1,-1
-1,-1
-1,-1
-1,-1
-1,-1
-1,-1
-1,-1
221651,1
-1,-1
-1,-1
-1,-1
-1,-1
-1,-1
163279,14
-1,-1
-1,-1
-1,-1
-1,-1
-1,-1
-1,-1
-1,-1
-1,-1
-1,-1
-1,-1
-1,-1
-1,-1
-1,-1
-1,-1
-1,-1
-1,-1
-1,-1
-1,-1
-1,-1
-1,-1
-1,-1
-1,-1
-1,-1
-1,-1
-1,-1
-1,-1
-1,-1
-1,-1
-1,-1
-1,-1
-1,-1
-1,-1
-1,-1
-1,-1
-1,-1
-1,-1
-1,-1
-1,-1
-1,-1
-1,-1
-1,-1
-1,-1
59689,7
-1,-1
-1,-1
-1,-1
117196,50
-1,-1
-1,-1
-1,-1
-1,-1
-1,-1
-1,-1
-1,-1
-1,-1
-1,-1
-1,-1
-1,-1
-1,-1
-1,-1
-1,-1
-1,-1
-1,-1
-1,-1
98679,538
-1,-1
-1,-1
