225384,1167,16862712
225727,60,277076
254742,48,84651
261198,56,192410
238847,60,283127
216369,60,274258
236916,44,57148
250154,59,248195
390844,45,66890
188472,69,691546
328041,46,69322
309029,57,218576
102321,99,13036619
238641,51,112021
218455,51,112399
340330,47,80685
207705,41,41603
172515,70,762946
258205,50,101511
286440,25,8000
239815,31,15582
179499,45,66021
415705,9,1000
203560,44,61126
-1,-1
-1,-1
-1,-1
-1,-1
-1,-1
-1,-1
-1,-1
-1,-1
-1,-1
-1,-1
-1,-1
-1,-1
-1,-1
-1,-1
-1,-1
-1,-1
110554,11
-1,-1
-1,-1
-1,-1
-1,-1
-1,-1
-1,-1
-1,-1
-1,-1
-1,-1
-1,-1
-1,-1
-1,-1
-1,-1
-1,-1
-1,-1
-1,-1
-1,-1
-1,-1
-1,-1
-1,-1
-1,-1
-1,-1
-1,-1
-1,-1
-1,-1
-1,-1
-1,-1
-1,-1
-1,-1
-1,-1
-1,-1
-1,-1
-1,-1
-1,-1
-1,-1
-1,-1
-1,-1
-1,-1
-1,-1
115613,17
-1,-1
-1,-1
-1,-1
-1,-1
-1,-1
-1,-1
-1,-1
-1,-1
-1,-1
-1,-1
-1,-1
-1,-1
-1,-1
-1,-1
-1,-1
81360,538
-1,-1
-1,-1
