225317,1167,16862712
225672,60,277076
254690,48,84651
261144,56,192410
238794,60,283127
216326,60,274258
236854,44,57148
250093,59,248195
390738,45,66890
188422,69,691546
327946,46,69322
308956,57,218576
102291,99,13036619
238579,51,112021
218405,51,112399
340246,47,80685
207646,41,41603
172464,70,762946
258138,50,101511
286394,25,8000
239744,31,15582
179443,45,66021
415641,9,1000
203509,44,61126
-1,-1
-1,-1
-1,-1
-1,-1
-1,-1
-1,-1
-1,-1
-1,-1
-1,-1
-1,-1
-1,-1
-1,-1
-1,-1
-1,-1
-1,-1
-1,-1
110485,11
-1,-1
-1,-1
-1,-1
-1,-1
-1,-1
-1,-1
-1,-1
-1,-1
-1,-1
-1,-1
-1,-1
-1,-1
-1,-1
-1,-1
-1,-1
-1,-1
-1,-1
-1,-1
-1,-1
-1,-1
-1,-1
-1,-1
-1,-1
-1,-1
-1,-1
-1,-1
-1,-1
-1,-1
-1,-1
-1,-1
-1,-1
-1,-1
-1,-1
-1,-1
-1,-1
-1,-1
-1,-1
-1,-1
-1,-1
115532,17
-1,-1
-1,-1
-1,-1
-1,-1
-1,-1
-1,-1
-1,-1
-1,-1
-1,-1
-1,-1
-1,-1
-1,-1
-1,-1
-1,-1
-1,-1
81346,538
-1,-1
-1,-1
