216928,1167,16855976
217943,60,277076
246083,48,84651
253622,56,187354
230957,60,281447
209003,60,274258
228347,44,57148
241175,59,248195
377981,45,66890
180414,69,691546
316323,46,69322
298156,57,218576
97675,99,13036619
228492,51,112021
209629,51,112399
326604,47,80685
200094,41,41603
165597,70,762946
248208,50,101511
277107,25,8000
230668,31,15582
168948,45,66021
406996,9,1000
195366,44,61126
-1,-1
-1,-1
-1,-1
-1,-1
-1,-1
-1,-1
-1,-1
-1,-1
-1,-1
-1,-1
-1,-1
-1,-1
-1,-1
-1,-1
-1,-1
98221,11
-1,-1
-1,-1
-1,-1
-1,-1
-1,-1
-1,-1
-1,-1
-1,-1
-1,-1
-1,-1
-1,-1
-1,-1
-1,-1
-1,-1
-1,-1
-1,-1
-1,-1
-1,-1
-1,-1
-1,-1
-1,-1
-1,-1
-1,-1
-1,-1
-1,-1
-1,-1
-1,-1
-1,-1
-1,-1
-1,-1
-1,-1
-1,-1
-1,-1
-1,-1
-1,-1
-1,-1
-1,-1
-1,-1
-1,-1
104076,17
-1,-1
-1,-1
-1,-1
-1,-1
-1,-1
-1,-1
-1,-1
-1,-1
-1,-1
-1,-1
-1,-1
-1,-1
-1,-1
-1,-1
-1,-1
77528,538
-1,-1
-1,-1
