220022,1210,18105829
229507,60,277096
188778,61,330551
187492,70,789202
207705,67,563188
220101,60,274258
241040,44,57171
254299,59,248273
396053,45,67890
188962,69,721904
278548,54,156203
314399,57,218576
104492,99,13036619
241862,51,113021
222631,51,112399
346417,47,80685
211244,41,41603
175757,70,762950
262867,50,101511
290898,25,8000
242580,32,16582
184039,45,66021
420364,9,1000
207453,44,61126
-1,-1
-1,-1
-1,-1
-1,-1
-1,-1
-1,-1
-1,-1
-1,-1
-1,-1
-1,-1
-1,-1
-1,-1
-1,-1
-1,-1
-1,-1
-1,-1
115819,11
-1,-1
-1,-1
-1,-1
-1,-1
-1,-1
-1,-1
-1,-1
-1,-1
-1,-1
-1,-1
-1,-1
-1,-1
-1,-1
-1,-1
-1,-1
-1,-1
-1,-1
-1,-1
-1,-1
-1,-1
-1,-1
-1,-1
-1,-1
-1,-1
-1,-1
-1,-1
-1,-1
-1,-1
-1,-1
-1,-1
-1,-1
-1,-1
-1,-1
-1,-1
-1,-1
-1,-1
-1,-1
-1,-1
-1,-1
120847,17
-1,-1
-1,-1
-1,-1
-1,-1
-1,-1
-1,-1
-1,-1
-1,-1
-1,-1
-1,-1
-1,-1
-1,-1
-1,-1
-1,-1
-1,-1
83105,538
-1,-1
-1,-1
