219722,1167,16862712
220557,60,277076
249018,48,84651
255518,56,192410
233465,60,283127
211485,60,274258
231238,44,57148
244206,59,248195
382263,45,66890
183000,69,691546
320280,46,69322
301811,57,218576
99352,99,13036619
231570,51,112021
212474,51,112399
330877,47,80685
202633,41,41603
168004,70,762946
251554,50,101511
280226,25,8000
233640,31,15582
172351,45,66021
409666,9,1000
197975,44,61126
-1,-1
-1,-1
-1,-1
-1,-1
-1,-1
-1,-1
-1,-1
-1,-1
-1,-1
-1,-1
-1,-1
-1,-1
-1,-1
-1,-1
-1,-1
-1,-1
102222,11
-1,-1
-1,-1
-1,-1
-1,-1
-1,-1
-1,-1
-1,-1
-1,-1
-1,-1
-1,-1
-1,-1
-1,-1
-1,-1
-1,-1
-1,-1
-1,-1
-1,-1
-1,-1
-1,-1
-1,-1
-1,-1
-1,-1
-1,-1
-1,-1
-1,-1
-1,-1
-1,-1
-1,-1
-1,-1
-1,-1
-1,-1
-1,-1
-1,-1
-1,-1
-1,-1
-1,-1
-1,-1
-1,-1
-1,-1
107933,17
-1,-1
-1,-1
-1,-1
-1,-1
-1,-1
-1,-1
-1,-1
-1,-1
-1,-1
-1,-1
-1,-1
-1,-1
-1,-1
-1,-1
-1,-1
78895,538
-1,-1
-1,-1
