289181,1330,20778810
245939,70,741325
259958,68,613669
261725,73,1046587
267216,72,982643
277539,66,516799
356052,44,57196
334777,61,330771
479385,50,109468
245334,71,882465
371685,56,187155
340333,66,510412
140496,99,13037079
345919,51,118861
329672,51,112843
338980,62,339776
304957,41,42686
260399,70,763476
373069,51,115218
300103,48,83017
358473,32,16633
283686,47,82407
366356,35,23757
297366,45,64567
-1,1,0
-1,-1
-1,-1
-1,-1
-1,-1
-1,-1
-1,-1
-1,-1
-1,-1
-1,-1
-1,-1
-1,-1
258933,1
-1,-1
-1,-1
-1,-1
-1,-1
-1,-1
221958,14
-1,-1
-1,-1
-1,-1
-1,-1
-1,-1
-1,-1
-1,-1
-1,-1
-1,-1
-1,-1
-1,-1
-1,-1
-1,-1
-1,-1
-1,-1
-1,-1
-1,-1
-1,-1
-1,-1
-1,-1
-1,-1
-1,-1
-1,-1
-1,-1
-1,-1
-1,-1
-1,-1
-1,-1
-1,-1
-1,-1
-1,-1
-1,-1
-1,-1
-1,-1
-1,-1
-1,-1
-1,-1
-1,-1
-1,-1
-1,-1
-1,-1
-1,-1
-1,-1
97620,7
-1,-1
-1,-1
-1,-1
-1,-1
159524,50
-1,-1
-1,-1
-1,-1
-1,-1
-1,-1
-1,-1
-1,-1
-1,-1
-1,-1
-1,-1
-1,-1
-1,-1
-1,-1
-1,-1
-1,-1
-1,-1
-1,-1
114392,538
-1,-1
-1,-1
-1,-1
