216923,1167,16855976
217940,60,277076
246076,48,84651
253618,56,187354
230957,60,281447
208999,60,274258
228343,44,57148
241173,59,248195
377974,45,66890
180411,69,691546
316316,46,69322
298151,57,218576
97673,99,13036619
228491,51,112021
209626,51,112399
326598,47,80685
200090,41,41603
165594,70,762946
248200,50,101511
277105,25,8000
230663,31,15582
168945,45,66021
406994,9,1000
195359,44,61126
-1,-1
-1,-1
-1,-1
-1,-1
-1,-1
-1,-1
-1,-1
-1,-1
-1,-1
-1,-1
-1,-1
-1,-1
-1,-1
-1,-1
-1,-1
98216,11
-1,-1
-1,-1
-1,-1
-1,-1
-1,-1
-1,-1
-1,-1
-1,-1
-1,-1
-1,-1
-1,-1
-1,-1
-1,-1
-1,-1
-1,-1
-1,-1
-1,-1
-1,-1
-1,-1
-1,-1
-1,-1
-1,-1
-1,-1
-1,-1
-1,-1
-1,-1
-1,-1
-1,-1
-1,-1
-1,-1
-1,-1
-1,-1
-1,-1
-1,-1
-1,-1
-1,-1
-1,-1
-1,-1
-1,-1
104073,17
-1,-1
-1,-1
-1,-1
-1,-1
-1,-1
-1,-1
-1,-1
-1,-1
-1,-1
-1,-1
-1,-1
-1,-1
-1,-1
-1,-1
-1,-1
77526,538
-1,-1
-1,-1
