302554,1330,20778810
259074,70,741325
273386,68,613669
275663,73,1046587
281240,72,982643
290644,66,516799
372860,44,57196
349481,61,330771
496608,50,109468
257608,71,882465
384519,56,187155
352862,66,510412
143280,99,13037079
360066,51,118861
344767,51,112843
354464,62,339776
317892,41,42686
271641,70,763476
388819,51,115218
313669,48,83017
372824,32,16633
296107,47,82407
380868,35,23757
309987,45,64567
-1,1,0
-1,-1
-1,-1
-1,-1
-1,-1
-1,-1
-1,-1
-1,-1
-1,-1
-1,-1
-1,-1
-1,-1
268848,1
-1,-1
-1,-1
-1,-1
-1,-1
-1,-1
234265,14
-1,-1
-1,-1
-1,-1
-1,-1
-1,-1
-1,-1
-1,-1
-1,-1
-1,0
-1,-1
-1,-1
-1,-1
-1,-1
-1,-1
-1,-1
-1,-1
-1,-1
-1,-1
-1,-1
-1,-1
-1,-1
-1,-1
-1,-1
-1,-1
-1,-1
-1,-1
-1,-1
-1,-1
-1,-1
-1,-1
-1,-1
-1,-1
-1,-1
-1,-1
-1,-1
-1,-1
-1,-1
-1,-1
-1,-1
-1,-1
-1,-1
-1,-1
-1,-1
-1,-1
106317,7
-1,-1
-1,-1
-1,-1
-1,-1
169359,50
-1,-1
-1,-1
-1,-1
-1,-1
-1,-1
-1,-1
-1,-1
-1,-1
-1,-1
-1,-1
-1,-1
-1,-1
-1,-1
-1,-1
-1,-1
-1,-1
-1,-1
115711,538
-1,-1
-1,-1
-1,-1
