219318,1329,20778810
181600,70,741325
192962,68,613669
193415,73,1046587
198580,72,982643
212651,66,516799
271545,44,57196
254628,61,330771
383038,50,109468
185923,71,882465
294070,56,187155
272352,66,510412
115551,99,13037079
265366,51,118861
250304,51,112843
254195,62,339776
235309,41,42686
196574,70,763476
279474,51,115218
232421,48,83017
271812,32,16633
205063,47,82407
281432,35,23757
229587,45,64567
-1,-1
-1,-1
-1,-1
-1,-1
-1,-1
-1,-1
-1,-1
-1,-1
-1,-1
-1,-1
208754,1
-1,-1
-1,-1
-1,-1
-1,-1
-1,-1
143175,14
-1,-1
-1,-1
-1,-1
-1,-1
-1,-1
-1,-1
-1,-1
-1,-1
-1,-1
-1,-1
-1,-1
-1,-1
-1,-1
-1,-1
-1,-1
-1,-1
-1,-1
-1,-1
-1,-1
-1,-1
-1,-1
-1,-1
-1,-1
-1,-1
-1,-1
-1,-1
-1,-1
-1,-1
-1,-1
-1,-1
-1,-1
-1,-1
-1,-1
-1,-1
-1,-1
-1,-1
-1,-1
-1,-1
-1,-1
-1,-1
45939,7
-1,-1
-1,-1
-1,-1
105642,50
-1,-1
-1,-1
-1,-1
-1,-1
-1,-1
-1,-1
-1,-1
-1,-1
-1,-1
-1,-1
-1,-1
-1,-1
-1,-1
-1,-1
-1,-1
92713,538
-1,-1
-1,-1
