206488,1329,20778810
170978,70,741325
181805,68,613669
182345,73,1046587
186990,72,982643
200972,66,516799
255303,44,57196
239357,61,330771
364022,50,109468
174272,71,882465
278413,56,187155
258481,66,510412
109615,99,13037079
250508,51,118861
235530,51,112843
237351,62,339776
221899,41,42686
184923,70,763476
263308,51,115218
219570,48,83017
256518,32,16633
189697,47,82407
266109,35,23757
216490,45,64567
-1,-1
-1,-1
-1,-1
-1,-1
-1,-1
-1,-1
-1,-1
-1,-1
-1,-1
-1,-1
199082,1
-1,-1
-1,-1
-1,-1
-1,-1
-1,-1
126966,14
-1,-1
-1,-1
-1,-1
-1,-1
-1,-1
-1,-1
-1,-1
-1,-1
-1,-1
-1,-1
-1,-1
-1,-1
-1,-1
-1,-1
-1,-1
-1,-1
-1,-1
-1,-1
-1,-1
-1,-1
-1,-1
-1,-1
-1,-1
-1,-1
-1,-1
-1,-1
-1,-1
-1,-1
-1,-1
-1,-1
-1,-1
-1,-1
-1,-1
-1,-1
-1,-1
-1,-1
-1,-1
-1,-1
-1,-1
33498,7
-1,-1
-1,-1
-1,-1
96487,50
-1,-1
-1,-1
-1,-1
-1,-1
-1,-1
-1,-1
-1,-1
-1,-1
-1,-1
-1,-1
-1,-1
-1,-1
-1,-1
-1,-1
-1,-1
88104,538
-1,-1
-1,-1
