275115,1329,20778810
233810,70,741325
247785,68,613669
249252,73,1046587
254587,72,982643
265732,66,516799
340790,44,57196
319677,61,330771
462497,50,109468
232823,71,882465
357572,56,187155
327682,66,510412
136520,99,13037079
331212,51,118861
314564,51,112843
322658,62,339776
292307,41,42686
248468,70,763476
355710,51,115218
287360,48,83017
342798,32,16633
270130,47,82407
350741,35,23757
282963,45,64567
-1,-1
-1,-1
-1,-1
-1,-1
-1,-1
-1,-1
-1,-1
-1,-1
-1,-1
-1,-1
-1,-1
250046,1
-1,-1
-1,-1
-1,-1
-1,-1
-1,-1
208479,14
-1,-1
-1,-1
-1,-1
-1,-1
-1,-1
-1,-1
-1,-1
-1,-1
-1,-1
-1,-1
-1,-1
-1,-1
-1,-1
-1,-1
-1,-1
-1,-1
-1,-1
-1,-1
-1,-1
-1,-1
-1,-1
-1,-1
-1,-1
-1,-1
-1,-1
-1,-1
-1,-1
-1,-1
-1,-1
-1,-1
-1,-1
-1,-1
-1,-1
-1,-1
-1,-1
-1,-1
-1,-1
-1,-1
-1,-1
-1,-1
-1,-1
-1,-1
-1,-1
89786,7
-1,-1
-1,-1
-1,-1
-1,-1
148867,50
-1,-1
-1,-1
-1,-1
-1,-1
-1,-1
-1,-1
-1,-1
-1,-1
-1,-1
-1,-1
-1,-1
-1,-1
-1,-1
-1,-1
-1,-1
-1,-1
-1,-1
111028,538
-1,-1
-1,-1
-1,-1
