222519,1329,20778810
184430,70,741325
195916,68,613669
196461,73,1046587
201636,72,982643
215611,66,516799
275441,44,57196
258324,61,330771
387567,50,109468
188898,71,882465
297889,56,187155
275667,66,510412
117028,99,13037079
269175,51,118861
254010,51,112843
258375,62,339776
238515,41,42686
200195,70,763476
283676,51,115218
235755,48,83017
275424,32,16633
208795,47,82407
285131,35,23757
232831,45,64567
-1,-1
-1,-1
-1,-1
-1,-1
-1,-1
-1,-1
-1,-1
-1,-1
-1,-1
-1,-1
211299,1
-1,-1
-1,-1
-1,-1
-1,-1
-1,-1
146926,14
-1,-1
-1,-1
-1,-1
-1,-1
-1,-1
-1,-1
-1,-1
-1,-1
-1,-1
-1,-1
-1,-1
-1,-1
-1,-1
-1,-1
-1,-1
-1,-1
-1,-1
-1,-1
-1,-1
-1,-1
-1,-1
-1,-1
-1,-1
-1,-1
-1,-1
-1,-1
-1,-1
-1,-1
-1,-1
-1,-1
-1,-1
-1,-1
-1,-1
-1,-1
-1,-1
-1,-1
-1,-1
-1,-1
-1,-1
-1,-1
-1,-1
48666,7
-1,-1
-1,-1
-1,-1
107952,50
-1,-1
-1,-1
-1,-1
-1,-1
-1,-1
-1,-1
-1,-1
-1,-1
-1,-1
-1,-1
-1,-1
-1,-1
-1,-1
-1,-1
-1,-1
-1,-1
93928,538
-1,-1
-1,-1
