222455,1167,16862712
223137,60,277076
251804,48,84651
258321,56,192410
236088,60,283127
213969,60,274258
234010,44,57148
247148,59,248195
386500,45,66890
185574,69,691546
324215,46,69322
305440,57,218576
100778,99,13036619
235166,51,112021
215454,51,112399
335750,47,80685
205150,41,41603
170297,70,762946
254760,50,101511
283279,25,8000
236564,31,15582
175885,45,66021
412241,9,1000
200722,44,61126
-1,-1
-1,-1
-1,-1
-1,-1
-1,-1
-1,-1
-1,-1
-1,-1
-1,-1
-1,-1
-1,-1
-1,-1
-1,-1
-1,-1
-1,-1
-1,-1
106298,11
-1,-1
-1,-1
-1,-1
-1,-1
-1,-1
-1,-1
-1,-1
-1,-1
-1,-1
-1,-1
-1,-1
-1,-1
-1,-1
-1,-1
-1,-1
-1,-1
-1,-1
-1,-1
-1,-1
-1,-1
-1,-1
-1,-1
-1,-1
-1,-1
-1,-1
-1,-1
-1,-1
-1,-1
-1,-1
-1,-1
-1,-1
-1,-1
-1,-1
-1,-1
-1,-1
-1,-1
-1,-1
-1,-1
-1,-1
111727,17
-1,-1
-1,-1
-1,-1
-1,-1
-1,-1
-1,-1
-1,-1
-1,-1
-1,-1
-1,-1
-1,-1
-1,-1
-1,-1
-1,-1
-1,-1
80114,538
-1,-1
-1,-1
