225464,1167,16862712
225786,60,277076
254813,48,84651
261263,56,192410
238924,60,283127
216442,60,274258
236996,44,57148
250226,59,248195
390943,45,66890
188538,69,691546
328162,46,69322
309122,57,218576
102356,99,13036619
238711,51,112021
218531,51,112399
340424,47,80685
207759,41,41603
172556,70,762946
258284,50,101511
286520,25,8000
239886,31,15582
179558,45,66021
415772,9,1000
203611,44,61126
-1,-1
-1,-1
-1,-1
-1,-1
-1,-1
-1,-1
-1,-1
-1,-1
-1,-1
-1,-1
-1,-1
-1,-1
-1,-1
-1,-1
-1,-1
-1,-1
110638,11
-1,-1
-1,-1
-1,-1
-1,-1
-1,-1
-1,-1
-1,-1
-1,-1
-1,-1
-1,-1
-1,-1
-1,-1
-1,-1
-1,-1
-1,-1
-1,-1
-1,-1
-1,-1
-1,-1
-1,-1
-1,-1
-1,-1
-1,-1
-1,-1
-1,-1
-1,-1
-1,-1
-1,-1
-1,-1
-1,-1
-1,-1
-1,-1
-1,-1
-1,-1
-1,-1
-1,-1
-1,-1
-1,-1
-1,-1
115698,17
-1,-1
-1,-1
-1,-1
-1,-1
-1,-1
-1,-1
-1,-1
-1,-1
-1,-1
-1,-1
-1,-1
-1,-1
-1,-1
-1,-1
-1,-1
81380,538
-1,-1
-1,-1
