214202,1167,16855976
215450,60,277076
243302,48,84651
250780,56,187354
228357,60,281447
206551,60,274258
225562,44,57148
238297,59,248195
373902,45,66890
177595,69,691546
312432,46,69322
294751,57,218576
96144,99,13036619
225501,51,112021
206816,51,112399
322589,47,80685
197647,41,41603
163162,70,762946
245089,50,101511
274084,25,8000
227750,31,15582
165454,45,66021
404656,9,1000
192701,44,61126
-1,-1
-1,-1
-1,-1
-1,-1
-1,-1
-1,-1
-1,-1
-1,-1
-1,-1
-1,-1
-1,-1
-1,-1
-1,-1
-1,-1
-1,-1
94037,11
-1,-1
-1,-1
-1,-1
-1,-1
-1,-1
-1,-1
-1,-1
-1,-1
-1,-1
-1,-1
-1,-1
-1,-1
-1,-1
-1,-1
-1,-1
-1,-1
-1,-1
-1,-1
-1,-1
-1,-1
-1,-1
-1,-1
-1,-1
-1,-1
-1,-1
-1,-1
-1,-1
-1,-1
-1,-1
-1,-1
-1,-1
-1,-1
-1,-1
-1,-1
-1,-1
-1,-1
-1,-1
-1,-1
100066,17
-1,-1
-1,-1
-1,-1
-1,-1
-1,-1
-1,-1
-1,-1
-1,-1
-1,-1
-1,-1
-1,-1
-1,-1
76182,538
-1,-1
-1,-1
