209652,1329,20778810
173679,70,741325
184526,68,613669
185093,73,1046587
189856,72,982643
203923,66,516799
259170,44,57196
243093,61,330771
368490,50,109468
177160,71,882465
282394,56,187155
261765,66,510412
111292,99,13037079
254084,51,118861
239043,51,112843
241606,62,339776
225105,41,42686
187793,70,763476
267101,51,115218
222777,48,83017
260214,32,16633
193463,47,82407
269828,35,23757
219776,45,64567
-1,-1
-1,-1
-1,-1
-1,-1
-1,-1
-1,-1
-1,-1
-1,-1
-1,-1
-1,-1
201349,1
-1,-1
-1,-1
-1,-1
-1,-1
-1,-1
130977,14
-1,-1
-1,-1
-1,-1
-1,-1
-1,-1
-1,-1
-1,-1
-1,-1
-1,-1
-1,-1
-1,-1
-1,-1
-1,-1
-1,-1
-1,-1
-1,-1
-1,-1
-1,-1
-1,-1
-1,-1
-1,-1
-1,-1
-1,-1
-1,-1
-1,-1
-1,-1
-1,-1
-1,-1
-1,-1
-1,-1
-1,-1
-1,-1
-1,-1
-1,-1
-1,-1
-1,-1
-1,-1
-1,-1
-1,-1
36668,7
-1,-1
-1,-1
-1,-1
98769,50
-1,-1
-1,-1
-1,-1
-1,-1
-1,-1
-1,-1
-1,-1
-1,-1
-1,-1
-1,-1
-1,-1
-1,-1
-1,-1
-1,-1
-1,-1
89405,538
-1,-1
-1,-1
