293018,1330,20778810
249743,70,741325
263809,68,613669
265726,73,1046587
271225,72,982643
281295,66,516799
361493,44,57196
339018,61,330771
484519,50,109468
248857,71,882465
375271,56,187155
343938,66,510412
141215,99,13037079
349984,51,118861
334126,51,112843
343419,62,339776
308793,41,42686
263559,70,763476
377613,51,115218
304182,48,83017
362611,32,16633
287382,47,82407
370573,35,23757
301099,45,64567
-1,1,0
-1,-1
-1,-1
-1,-1
-1,-1
-1,-1
-1,-1
-1,-1
-1,-1
-1,-1
-1,-1
-1,-1
261887,1
-1,-1
-1,-1
-1,-1
-1,-1
-1,-1
225641,14
-1,-1
-1,-1
-1,-1
-1,-1
-1,-1
-1,-1
-1,-1
-1,-1
-1,0
-1,-1
-1,-1
-1,-1
-1,-1
-1,-1
-1,-1
-1,-1
-1,-1
-1,-1
-1,-1
-1,-1
-1,-1
-1,-1
-1,-1
-1,-1
-1,-1
-1,-1
-1,-1
-1,-1
-1,-1
-1,-1
-1,-1
-1,-1
-1,-1
-1,-1
-1,-1
-1,-1
-1,-1
-1,-1
-1,-1
-1,-1
-1,-1
-1,-1
-1,-1
-1,-1
100375,7
-1,-1
-1,-1
-1,-1
-1,-1
162397,50
-1,-1
-1,-1
-1,-1
-1,-1
-1,-1
-1,-1
-1,-1
-1,-1
-1,-1
-1,-1
-1,-1
-1,-1
-1,-1
-1,-1
-1,-1
-1,-1
-1,-1
114647,538
-1,-1
-1,-1
-1,-1
