293095,1330,20778810
249811,70,741325
263879,68,613669
265812,73,1046587
271308,72,982643
281371,66,516799
361593,44,57196
339120,61,330771
484647,50,109468
248919,71,882465
375348,56,187155
344007,66,510412
141243,99,13037079
350091,51,118861
334217,51,112843
343514,62,339776
308881,41,42686
263625,70,763476
377729,51,115218
304268,48,83017
362705,32,16633
287454,47,82407
370650,35,23757
301193,45,64567
-1,1,0
-1,-1
-1,-1
-1,-1
-1,-1
-1,-1
-1,-1
-1,-1
-1,-1
-1,-1
-1,-1
-1,-1
261947,1
-1,-1
-1,-1
-1,-1
-1,-1
-1,-1
225720,14
-1,-1
-1,-1
-1,-1
-1,-1
-1,-1
-1,-1
-1,-1
-1,-1
-1,0
-1,-1
-1,-1
-1,-1
-1,-1
-1,-1
-1,-1
-1,-1
-1,-1
-1,-1
-1,-1
-1,-1
-1,-1
-1,-1
-1,-1
-1,-1
-1,-1
-1,-1
-1,-1
-1,-1
-1,-1
-1,-1
-1,-1
-1,-1
-1,-1
-1,-1
-1,-1
-1,-1
-1,-1
-1,-1
-1,-1
-1,-1
-1,-1
-1,-1
-1,-1
-1,-1
100422,7
-1,-1
-1,-1
-1,-1
-1,-1
162461,50
-1,-1
-1,-1
-1,-1
-1,-1
-1,-1
-1,-1
-1,-1
-1,-1
-1,-1
-1,-1
-1,-1
-1,-1
-1,-1
-1,-1
-1,-1
-1,-1
-1,-1
114657,538
-1,-1
-1,-1
-1,-1
