209658,1329,20778810
173682,70,741325
184529,68,613669
185097,73,1046587
189858,72,982643
203926,66,516799
259177,44,57196
243099,61,330771
368502,50,109468
177164,71,882465
282397,56,187155
261773,66,510412
111295,99,13037079
254093,51,118861
239048,51,112843
241617,62,339776
225109,41,42686
187796,70,763476
267103,51,115218
222782,48,83017
260223,32,16633
193468,47,82407
269831,35,23757
219784,45,64567
-1,-1
-1,-1
-1,-1
-1,-1
-1,-1
-1,-1
-1,-1
-1,-1
-1,-1
-1,-1
201355,1
-1,-1
-1,-1
-1,-1
-1,-1
-1,-1
130982,14
-1,-1
-1,-1
-1,-1
-1,-1
-1,-1
-1,-1
-1,-1
-1,-1
-1,-1
-1,-1
-1,-1
-1,-1
-1,-1
-1,-1
-1,-1
-1,-1
-1,-1
-1,-1
-1,-1
-1,-1
-1,-1
-1,-1
-1,-1
-1,-1
-1,-1
-1,-1
-1,-1
-1,-1
-1,-1
-1,-1
-1,-1
-1,-1
-1,-1
-1,-1
-1,-1
-1,-1
-1,-1
-1,-1
-1,-1
36670,7
-1,-1
-1,-1
-1,-1
98771,50
-1,-1
-1,-1
-1,-1
-1,-1
-1,-1
-1,-1
-1,-1
-1,-1
-1,-1
-1,-1
-1,-1
-1,-1
-1,-1
-1,-1
-1,-1
89407,538
-1,-1
-1,-1
