219442,1329,20778810
181688,70,741325
193053,68,613669
193527,73,1046587
198678,72,982643
212749,66,516799
271682,44,57196
254750,61,330771
383211,50,109468
186025,71,882465
294193,56,187155
272482,66,510412
115588,99,13037079
265480,51,118861
250458,51,112843
254327,62,339776
235429,41,42686
196707,70,763476
279622,51,115218
232537,48,83017
271951,32,16633
205194,47,82407
281549,35,23757
229717,45,64567
-1,-1
-1,-1
-1,-1
-1,-1
-1,-1
-1,-1
-1,-1
-1,-1
-1,-1
-1,-1
208849,1
-1,-1
-1,-1
-1,-1
-1,-1
-1,-1
143321,14
-1,-1
-1,-1
-1,-1
-1,-1
-1,-1
-1,-1
-1,-1
-1,-1
-1,-1
-1,-1
-1,-1
-1,-1
-1,-1
-1,-1
-1,-1
-1,-1
-1,-1
-1,-1
-1,-1
-1,-1
-1,-1
-1,-1
-1,-1
-1,-1
-1,-1
-1,-1
-1,-1
-1,-1
-1,-1
-1,-1
-1,-1
-1,-1
-1,-1
-1,-1
-1,-1
-1,-1
-1,-1
-1,-1
-1,-1
-1,-1
46028,7
-1,-1
-1,-1
-1,-1
105728,50
-1,-1
-1,-1
-1,-1
-1,-1
-1,-1
-1,-1
-1,-1
-1,-1
-1,-1
-1,-1
-1,-1
-1,-1
-1,-1
-1,-1
-1,-1
92734,538
-1,-1
-1,-1
