226044,1329,20778810
187357,70,741325
198928,68,613669
199599,73,1046587
204698,72,982643
218748,66,516799
279774,44,57196
262431,61,330771
392289,50,109468
191930,71,882465
301831,56,187155
279098,66,510412
118807,99,13037079
273284,51,118861
257900,51,112843
262602,62,339776
242093,41,42686
203489,70,763476
288003,51,115218
239215,48,83017
279517,32,16633
212599,47,82407
289206,35,23757
236146,45,64567
-1,-1
-1,-1
-1,-1
-1,-1
-1,-1
-1,-1
-1,-1
-1,-1
-1,-1
-1,-1
213933,1
-1,-1
-1,-1
-1,-1
-1,-1
-1,-1
150818,14
-1,-1
-1,-1
-1,-1
-1,-1
-1,-1
-1,-1
-1,-1
-1,-1
-1,-1
-1,-1
-1,-1
-1,-1
-1,-1
-1,-1
-1,-1
-1,-1
-1,-1
-1,-1
-1,-1
-1,-1
-1,-1
-1,-1
-1,-1
-1,-1
-1,-1
-1,-1
-1,-1
-1,-1
-1,-1
-1,-1
-1,-1
-1,-1
-1,-1
-1,-1
-1,-1
-1,-1
-1,-1
-1,-1
-1,-1
-1,-1
-1,-1
51657,7
-1,-1
-1,-1
-1,-1
110294,50
-1,-1
-1,-1
-1,-1
-1,-1
-1,-1
-1,-1
-1,-1
-1,-1
-1,-1
-1,-1
-1,-1
-1,-1
-1,-1
-1,-1
-1,-1
-1,-1
95416,538
-1,-1
-1,-1
