289427,1330,20778810
246195,70,741325
260191,68,613669
261947,73,1046587
267460,72,982643
277727,66,516799
356400,44,57196
335048,61,330771
479733,50,109468
245517,71,882465
371928,56,187155
340570,66,510412
140562,99,13037079
346183,51,118861
329988,51,112843
339252,62,339776
305203,41,42686
260628,70,763476
373394,51,115218
300392,48,83017
358743,32,16633
283947,47,82407
366622,35,23757
297628,45,64567
-1,1,0
-1,-1
-1,-1
-1,-1
-1,-1
-1,-1
-1,-1
-1,-1
-1,-1
-1,-1
-1,-1
-1,-1
259123,1
-1,-1
-1,-1
-1,-1
-1,-1
-1,-1
222202,14
-1,-1
-1,-1
-1,-1
-1,-1
-1,-1
-1,-1
-1,-1
-1,-1
-1,-1
-1,-1
-1,-1
-1,-1
-1,-1
-1,-1
-1,-1
-1,-1
-1,-1
-1,-1
-1,-1
-1,-1
-1,-1
-1,-1
-1,-1
-1,-1
-1,-1
-1,-1
-1,-1
-1,-1
-1,-1
-1,-1
-1,-1
-1,-1
-1,-1
-1,-1
-1,-1
-1,-1
-1,-1
-1,-1
-1,-1
-1,-1
-1,-1
-1,-1
-1,-1
97798,7
-1,-1
-1,-1
-1,-1
-1,-1
159721,50
-1,-1
-1,-1
-1,-1
-1,-1
-1,-1
-1,-1
-1,-1
-1,-1
-1,-1
-1,-1
-1,-1
-1,-1
-1,-1
-1,-1
-1,-1
-1,-1
-1,-1
114434,538
-1,-1
-1,-1
-1,-1
