299705,1330,20778810
256145,70,741325
270412,68,613669
272636,73,1046587
278109,72,982643
287705,66,516799
369127,44,57196
346104,61,330771
492644,50,109468
254784,71,882465
381530,56,187155
350006,66,510412
142542,99,13037079
356784,51,118861
341342,51,112843
350895,62,339776
314976,41,42686
269002,70,763476
385184,51,115218
310628,48,83017
369425,32,16633
293224,47,82407
377565,35,23757
307158,45,64567
-1,1,0
-1,-1
-1,-1
-1,-1
-1,-1
-1,-1
-1,-1
-1,-1
-1,-1
-1,-1
-1,-1
-1,-1
266692,1
-1,-1
-1,-1
-1,-1
-1,-1
-1,-1
231454,14
-1,-1
-1,-1
-1,-1
-1,-1
-1,-1
-1,-1
-1,-1
-1,-1
-1,0
-1,-1
-1,-1
-1,-1
-1,-1
-1,-1
-1,-1
-1,-1
-1,-1
-1,-1
-1,-1
-1,-1
-1,-1
-1,-1
-1,-1
-1,-1
-1,-1
-1,-1
-1,-1
-1,-1
-1,-1
-1,-1
-1,-1
-1,-1
-1,-1
-1,-1
-1,-1
-1,-1
-1,-1
-1,-1
-1,-1
-1,-1
-1,-1
-1,-1
-1,-1
-1,-1
104507,7
-1,-1
-1,-1
-1,-1
-1,-1
167104,50
-1,-1
-1,-1
-1,-1
-1,-1
-1,-1
-1,-1
-1,-1
-1,-1
-1,-1
-1,-1
-1,-1
-1,-1
-1,-1
-1,-1
-1,-1
-1,-1
-1,-1
115330,538
-1,-1
-1,-1
-1,-1
