233499,1329,20778810
193732,70,741325
205515,68,613669
206479,73,1046587
211724,72,982643
225717,66,516799
289046,44,57196
271224,61,330771
403233,50,109468
198865,71,882465
310114,56,187155
287005,66,510412
122024,99,13037079
282028,51,118861
266792,51,112843
272408,62,339776
249782,41,42686
210568,70,763476
297577,51,115218
246834,48,83017
288342,32,16633
221895,47,82407
297845,35,23757
243380,45,64567
-1,-1
-1,-1
-1,-1
-1,-1
-1,-1
-1,-1
-1,-1
-1,-1
-1,-1
-1,-1
219765,1
-1,-1
-1,-1
-1,-1
-1,-1
-1,-1
160472,14
-1,-1
-1,-1
-1,-1
-1,-1
-1,-1
-1,-1
-1,-1
-1,-1
-1,-1
-1,-1
-1,-1
-1,-1
-1,-1
-1,-1
-1,-1
-1,-1
-1,-1
-1,-1
-1,-1
-1,-1
-1,-1
-1,-1
-1,-1
-1,-1
-1,-1
-1,-1
-1,-1
-1,-1
-1,-1
-1,-1
-1,-1
-1,-1
-1,-1
-1,-1
-1,-1
-1,-1
-1,-1
-1,-1
-1,-1
-1,-1
-1,-1
-1,-1
57818,7
-1,-1
-1,-1
-1,-1
115455,50
-1,-1
-1,-1
-1,-1
-1,-1
-1,-1
-1,-1
-1,-1
-1,-1
-1,-1
-1,-1
-1,-1
-1,-1
-1,-1
-1,-1
-1,-1
-1,-1
-1,-1
97847,538
-1,-1
-1,-1
