219572,1329,20778810
181781,70,741325
193173,68,613669
193628,73,1046587
198791,72,982643
212860,66,516799
271827,44,57196
254901,61,330771
383386,50,109468
186123,71,882465
294360,56,187155
272611,66,510412
115652,99,13037079
265617,51,118861
250610,51,112843
254468,62,339776
235546,41,42686
196860,70,763476
279793,51,115218
232647,48,83017
272089,32,16633
205348,47,82407
281679,35,23757
229845,45,64567
-1,-1
-1,-1
-1,-1
-1,-1
-1,-1
-1,-1
-1,-1
-1,-1
-1,-1
-1,-1
208952,1
-1,-1
-1,-1
-1,-1
-1,-1
-1,-1
143477,14
-1,-1
-1,-1
-1,-1
-1,-1
-1,-1
-1,-1
-1,-1
-1,-1
-1,-1
-1,-1
-1,-1
-1,-1
-1,-1
-1,-1
-1,-1
-1,-1
-1,-1
-1,-1
-1,-1
-1,-1
-1,-1
-1,-1
-1,-1
-1,-1
-1,-1
-1,-1
-1,-1
-1,-1
-1,-1
-1,-1
-1,-1
-1,-1
-1,-1
-1,-1
-1,-1
-1,-1
-1,-1
-1,-1
-1,-1
-1,-1
46124,7
-1,-1
-1,-1
-1,-1
105828,50
-1,-1
-1,-1
-1,-1
-1,-1
-1,-1
-1,-1
-1,-1
-1,-1
-1,-1
-1,-1
-1,-1
-1,-1
-1,-1
-1,-1
-1,-1
92779,538
-1,-1
-1,-1
