239276,1329,20778810
198900,70,741325
210913,68,613669
211850,73,1046587
217168,72,982643
230994,66,516799
296701,44,57196
278190,61,330771
411729,50,109468
204009,71,882465
316456,56,187155
292992,66,510412
124559,99,13037079
289025,51,118861
273945,51,112843
279919,62,339776
256013,41,42686
216227,70,763476
305649,51,115218
252741,48,83017
295973,32,16633
228626,47,82407
305578,35,23757
249155,45,64567
-1,-1
-1,-1
-1,-1
-1,-1
-1,-1
-1,-1
-1,-1
-1,-1
-1,-1
-1,-1
224494,1
-1,-1
-1,-1
-1,-1
-1,-1
-1,-1
167244,14
-1,-1
-1,-1
-1,-1
-1,-1
-1,-1
-1,-1
-1,-1
-1,-1
-1,-1
-1,-1
-1,-1
-1,-1
-1,-1
-1,-1
-1,-1
-1,-1
-1,-1
-1,-1
-1,-1
-1,-1
-1,-1
-1,-1
-1,-1
-1,-1
-1,-1
-1,-1
-1,-1
-1,-1
-1,-1
-1,-1
-1,-1
-1,-1
-1,-1
-1,-1
-1,-1
-1,-1
-1,-1
-1,-1
-1,-1
-1,-1
-1,-1
-1,-1
63252,7
-1,-1
-1,-1
-1,-1
119916,50
-1,-1
-1,-1
-1,-1
-1,-1
-1,-1
-1,-1
-1,-1
-1,-1
-1,-1
-1,-1
-1,-1
-1,-1
-1,-1
-1,-1
-1,-1
-1,-1
-1,-1
99784,538
-1,-1
-1,-1
