230900,1329,20778810
191436,70,741325
203180,68,613669
204043,73,1046587
209251,72,982643
223217,66,516799
285681,44,57196
268111,61,330771
399414,50,109468
196484,71,882465
307257,56,187155
284201,66,510412
120945,99,13037079
278908,51,118861
263675,51,112843
268991,62,339776
246997,41,42686
208172,70,763476
294094,51,115218
244144,48,83017
285118,32,16633
218696,47,82407
294688,35,23757
240818,45,64567
-1,-1
-1,-1
-1,-1
-1,-1
-1,-1
-1,-1
-1,-1
-1,-1
-1,-1
-1,-1
217624,1
-1,-1
-1,-1
-1,-1
-1,-1
-1,-1
157213,14
-1,-1
-1,-1
-1,-1
-1,-1
-1,-1
-1,-1
-1,-1
-1,-1
-1,-1
-1,-1
-1,-1
-1,-1
-1,-1
-1,-1
-1,-1
-1,-1
-1,-1
-1,-1
-1,-1
-1,-1
-1,-1
-1,-1
-1,-1
-1,-1
-1,-1
-1,-1
-1,-1
-1,-1
-1,-1
-1,-1
-1,-1
-1,-1
-1,-1
-1,-1
-1,-1
-1,-1
-1,-1
-1,-1
-1,-1
-1,-1
-1,-1
55642,7
-1,-1
-1,-1
-1,-1
113526,50
-1,-1
-1,-1
-1,-1
-1,-1
-1,-1
-1,-1
-1,-1
-1,-1
-1,-1
-1,-1
-1,-1
-1,-1
-1,-1
-1,-1
-1,-1
-1,-1
97053,538
-1,-1
-1,-1
