230903,1329,20778810
191444,70,741325
203187,68,613669
204058,73,1046587
209254,72,982643
223225,66,516799
285690,44,57196
268117,61,330771
399434,50,109468
196487,71,882465
307267,56,187155
284217,66,510412
120949,99,13037079
278915,51,118861
263682,51,112843
269000,62,339776
247005,41,42686
208180,70,763476
294104,51,115218
244148,48,83017
285127,32,16633
218709,47,82407
294692,35,23757
240825,45,64567
-1,-1
-1,-1
-1,-1
-1,-1
-1,-1
-1,-1
-1,-1
-1,-1
-1,-1
-1,-1
217628,1
-1,-1
-1,-1
-1,-1
-1,-1
-1,-1
157233,14
-1,-1
-1,-1
-1,-1
-1,-1
-1,-1
-1,-1
-1,-1
-1,-1
-1,-1
-1,-1
-1,-1
-1,-1
-1,-1
-1,-1
-1,-1
-1,-1
-1,-1
-1,-1
-1,-1
-1,-1
-1,-1
-1,-1
-1,-1
-1,-1
-1,-1
-1,-1
-1,-1
-1,-1
-1,-1
-1,-1
-1,-1
-1,-1
-1,-1
-1,-1
-1,-1
-1,-1
-1,-1
-1,-1
-1,-1
-1,-1
-1,-1
55648,7
-1,-1
-1,-1
-1,-1
113534,50
-1,-1
-1,-1
-1,-1
-1,-1
-1,-1
-1,-1
-1,-1
-1,-1
-1,-1
-1,-1
-1,-1
-1,-1
-1,-1
-1,-1
-1,-1
-1,-1
97058,538
-1,-1
-1,-1
