220198,1210,18105829
229669,60,277096
188929,61,330551
187657,70,789202
207874,67,563188
220296,60,274258
241260,44,57171
254502,59,248273
396373,45,67890
189120,69,721904
278789,54,156203
314695,57,218576
104593,99,13036619
242075,51,113021
222824,51,112399
346708,47,80685
211431,41,41603
175888,70,762950
263091,50,101511
291118,25,8000
242770,32,16582
184277,45,66021
420604,9,1000
207642,44,61126
-1,-1
-1,-1
-1,-1
-1,-1
-1,-1
-1,-1
-1,-1
-1,-1
-1,-1
-1,-1
-1,-1
-1,-1
-1,-1
-1,-1
-1,-1
-1,-1
116091,11
-1,-1
-1,-1
-1,-1
-1,-1
-1,-1
-1,-1
-1,-1
-1,-1
-1,-1
-1,-1
-1,-1
-1,-1
-1,-1
-1,-1
-1,-1
-1,-1
-1,-1
-1,-1
-1,-1
-1,-1
-1,-1
-1,-1
-1,-1
-1,-1
-1,-1
-1,-1
-1,-1
-1,-1
-1,-1
-1,-1
-1,-1
-1,-1
-1,-1
-1,-1
-1,-1
-1,-1
-1,-1
-1,-1
-1,-1
121114,17
-1,-1
-1,-1
-1,-1
-1,-1
-1,-1
-1,-1
-1,-1
-1,-1
-1,-1
-1,-1
-1,-1
-1,-1
-1,-1
-1,-1
-1,-1
83184,538
-1,-1
-1,-1
