219867,1167,16862712
220711,60,277076
249179,48,84651
255684,56,192410
233657,60,283127
211645,60,274258
231413,44,57148
244353,59,248195
382480,45,66890
183139,69,691546
320472,46,69322
302009,57,218576
99411,99,13036619
231722,51,112021
212665,51,112399
331101,47,80685
202763,41,41603
168112,70,762946
251710,50,101511
280399,25,8000
233845,31,15582
172544,45,66021
409792,9,1000
198124,44,61126
-1,-1
-1,-1
-1,-1
-1,-1
-1,-1
-1,-1
-1,-1
-1,-1
-1,-1
-1,-1
-1,-1
-1,-1
-1,-1
-1,-1
-1,-1
-1,-1
102429,11
-1,-1
-1,-1
-1,-1
-1,-1
-1,-1
-1,-1
-1,-1
-1,-1
-1,-1
-1,-1
-1,-1
-1,-1
-1,-1
-1,-1
-1,-1
-1,-1
-1,-1
-1,-1
-1,-1
-1,-1
-1,-1
-1,-1
-1,-1
-1,-1
-1,-1
-1,-1
-1,-1
-1,-1
-1,-1
-1,-1
-1,-1
-1,-1
-1,-1
-1,-1
-1,-1
-1,-1
-1,-1
-1,-1
-1,-1
108172,17
-1,-1
-1,-1
-1,-1
-1,-1
-1,-1
-1,-1
-1,-1
-1,-1
-1,-1
-1,-1
-1,-1
-1,-1
-1,-1
-1,-1
-1,-1
78938,538
-1,-1
-1,-1
