280727,1330,20778810
238081,70,741325
252075,68,613669
253677,73,1046587
259031,72,982643
269723,66,516799
346240,44,57196
325216,61,330771
468754,50,109468
237564,71,882465
363271,56,187155
332512,66,510412
138365,99,13037079
336938,51,118861
320199,51,112843
329120,62,339776
296813,41,42686
252943,70,763476
362392,51,115218
291968,48,83017
348807,32,16633
275397,47,82407
356747,35,23757
289232,45,64567
-1,1,0
-1,-1
-1,-1
-1,-1
-1,-1
-1,-1
-1,-1
-1,-1
-1,-1
-1,-1
-1,-1
-1,-1
252947,1
-1,-1
-1,-1
-1,-1
-1,-1
-1,-1
213587,14
-1,-1
-1,-1
-1,-1
-1,-1
-1,-1
-1,-1
-1,-1
-1,-1
-1,-1
-1,-1
-1,-1
-1,-1
-1,-1
-1,-1
-1,-1
-1,-1
-1,-1
-1,-1
-1,-1
-1,-1
-1,-1
-1,-1
-1,-1
-1,-1
-1,-1
-1,-1
-1,-1
-1,-1
-1,-1
-1,-1
-1,-1
-1,-1
-1,-1
-1,-1
-1,-1
-1,-1
-1,-1
-1,-1
-1,-1
-1,-1
-1,-1
-1,-1
-1,-1
92104,7
-1,-1
-1,-1
-1,-1
-1,-1
153207,50
-1,-1
-1,-1
-1,-1
-1,-1
-1,-1
-1,-1
-1,-1
-1,-1
-1,-1
-1,-1
-1,-1
-1,-1
-1,-1
-1,-1
-1,-1
-1,-1
-1,-1
113033,538
-1,-1
-1,-1
-1,-1
