275525,1329,20778810
234179,70,741325
248136,68,613669
249620,73,1046587
254957,72,982643
266063,66,516799
341251,44,57196
320159,61,330771
463026,50,109468
233201,71,882465
358056,56,187155
328109,66,510412
136719,99,13037079
331700,51,118861
314992,51,112843
323207,62,339776
292698,41,42686
248877,70,763476
356308,51,115218
287705,48,83017
343259,32,16633
270617,47,82407
351254,35,23757
283385,45,64567
-1,-1
-1,-1
-1,-1
-1,-1
-1,-1
-1,-1
-1,-1
-1,-1
-1,-1
-1,-1
-1,-1
250320,1
-1,-1
-1,-1
-1,-1
-1,-1
-1,-1
208987,14
-1,-1
-1,-1
-1,-1
-1,-1
-1,-1
-1,-1
-1,-1
-1,-1
-1,-1
-1,-1
-1,-1
-1,-1
-1,-1
-1,-1
-1,-1
-1,-1
-1,-1
-1,-1
-1,-1
-1,-1
-1,-1
-1,-1
-1,-1
-1,-1
-1,-1
-1,-1
-1,-1
-1,-1
-1,-1
-1,-1
-1,-1
-1,-1
-1,-1
-1,-1
-1,-1
-1,-1
-1,-1
-1,-1
-1,-1
-1,-1
-1,-1
-1,-1
-1,-1
90028,7
-1,-1
-1,-1
-1,-1
-1,-1
149401,50
-1,-1
-1,-1
-1,-1
-1,-1
-1,-1
-1,-1
-1,-1
-1,-1
-1,-1
-1,-1
-1,-1
-1,-1
-1,-1
-1,-1
-1,-1
-1,-1
-1,-1
111249,538
-1,-1
-1,-1
-1,-1
