225852,1210,18105829
235528,60,277096
193595,61,330551
192532,70,789202
213041,67,563188
225625,60,274258
247654,44,57171
260844,59,248273
405740,45,67890
194530,69,721904
285867,54,156203
322105,57,218576
107440,99,13036619
248376,51,113021
229158,51,112399
355965,47,80685
216704,41,41603
180133,70,762950
269973,50,101511
298048,25,8000
249140,32,16582
190860,45,66021
427721,9,1000
213269,44,61126
-1,-1
-1,-1
-1,-1
-1,-1
-1,-1
-1,-1
-1,-1
-1,-1
-1,-1
-1,-1
-1,-1
-1,-1
-1,-1
-1,-1
-1,-1
-1,-1
123395,11
-1,-1
-1,-1
-1,-1
-1,-1
-1,-1
-1,-1
-1,-1
-1,-1
-1,-1
-1,-1
-1,-1
-1,-1
-1,-1
-1,-1
-1,-1
-1,-1
-1,-1
-1,-1
-1,-1
-1,-1
-1,-1
-1,-1
-1,-1
-1,-1
-1,-1
-1,-1
-1,-1
-1,-1
-1,-1
-1,-1
-1,-1
-1,-1
-1,-1
-1,-1
-1,-1
-1,-1
-1,-1
-1,-1
-1,-1
-1,-1
127792,17
-1,-1
-1,-1
-1,-1
-1,-1
-1,-1
-1,-1
-1,-1
-1,-1
-1,-1
-1,-1
-1,-1
-1,-1
-1,-1
-1,-1
-1,-1
85546,538
-1,-1
-1,-1
