233591,1329,20778810
193817,70,741325
205617,68,613669
206575,73,1046587
211826,72,982643
225804,66,516799
289211,44,57196
271342,61,330771
403388,50,109468
198968,71,882465
310232,56,187155
287124,66,510412
122073,99,13037079
282149,51,118861
266913,51,112843
272541,62,339776
249914,41,42686
210673,70,763476
297723,51,115218
246948,48,83017
288470,32,16633
222009,47,82407
297966,35,23757
243487,45,64567
-1,-1
-1,-1
-1,-1
-1,-1
-1,-1
-1,-1
-1,-1
-1,-1
-1,-1
-1,-1
219848,1
-1,-1
-1,-1
-1,-1
-1,-1
-1,-1
160574,14
-1,-1
-1,-1
-1,-1
-1,-1
-1,-1
-1,-1
-1,-1
-1,-1
-1,-1
-1,-1
-1,-1
-1,-1
-1,-1
-1,-1
-1,-1
-1,-1
-1,-1
-1,-1
-1,-1
-1,-1
-1,-1
-1,-1
-1,-1
-1,-1
-1,-1
-1,-1
-1,-1
-1,-1
-1,-1
-1,-1
-1,-1
-1,-1
-1,-1
-1,-1
-1,-1
-1,-1
-1,-1
-1,-1
-1,-1
-1,-1
-1,-1
-1,-1
57893,7
-1,-1
-1,-1
-1,-1
115536,50
-1,-1
-1,-1
-1,-1
-1,-1
-1,-1
-1,-1
-1,-1
-1,-1
-1,-1
-1,-1
-1,-1
-1,-1
-1,-1
-1,-1
-1,-1
-1,-1
-1,-1
97882,538
-1,-1
-1,-1
