263003,941,15166540
290342,45,67061
305815,40,37365
344483,41,43280
400516,35,22763
405992,13,2012
320994,32,17178
415390,35,23487
372508,45,65228
175316,69,682077
313017,45,65116
293734,57,211490
100393,99,13034608
315625,38,33169
323604,38,31815
333173,45,66365
217542,34,21814
187625,68,623575
330226,38,30854
325726,13,2000
225514,31,15370
227089,27,10787
403062,9,1000
192543,44,58126
-1,-1
-1,-1
-1,-1
-1,-1
-1,-1
-1,-1
-1,-1
-1,-1
-1,-1
-1,-1
-1,-1
-1,-1
-1,-1
-1,-1
-1,-1
-1,-1
-1,-1
-1,-1
-1,-1
-1,-1
-1,-1
-1,-1
-1,-1
-1,-1
-1,-1
-1,-1
-1,-1
-1,-1
-1,-1
-1,-1
-1,-1
-1,-1
-1,-1
-1,-1
-1,-1
-1,-1
-1,-1
-1,-1
-1,-1
-1,-1
-1,-1
-1,-1
-1,-1
-1,-1
-1,-1
-1,-1
-1,-1
-1,-1
-1,-1
-1,-1
-1,-1
-1,-1
-1,-1
-1,-1
96019,17
-1,-1
-1,-1
-1,-1
-1,-1
-1,-1
-1,-1
-1,-1
-1,-1
-1,-1
-1,-1
-1,-1
-1,-1
74944,538
-1,-1
-1,-1
