257687,1329,20778810
216247,70,741325
229766,68,613669
230851,73,1046587
236152,72,982643
249072,66,516799
321224,44,57196
300341,61,330771
441004,50,109468
218468,71,882465
338321,56,187155
311603,66,510412
131617,99,13037079
311781,51,118861
295748,51,112843
302494,62,339776
275186,41,42686
233266,70,763476
332914,51,115218
270699,48,83017
321643,32,16633
251914,47,82407
330097,35,23757
266491,45,64567
-1,-1
-1,-1
-1,-1
-1,-1
-1,-1
-1,-1
-1,-1
-1,-1
-1,-1
-1,-1
237932,1
-1,-1
-1,-1
-1,-1
-1,-1
-1,-1
190564,14
-1,-1
-1,-1
-1,-1
-1,-1
-1,-1
-1,-1
-1,-1
-1,-1
-1,-1
-1,-1
-1,-1
-1,-1
-1,-1
-1,-1
-1,-1
-1,-1
-1,-1
-1,-1
-1,-1
-1,-1
-1,-1
-1,-1
-1,-1
-1,-1
-1,-1
-1,-1
-1,-1
-1,-1
-1,-1
-1,-1
-1,-1
-1,-1
-1,-1
-1,-1
-1,-1
-1,-1
-1,-1
-1,-1
-1,-1
-1,-1
-1,-1
-1,-1
-1,-1
78460,7
-1,-1
-1,-1
-1,-1
135139,50
-1,-1
-1,-1
-1,-1
-1,-1
-1,-1
-1,-1
-1,-1
-1,-1
-1,-1
-1,-1
-1,-1
-1,-1
-1,-1
-1,-1
-1,-1
-1,-1
-1,-1
106280,538
-1,-1
-1,-1
-1,-1
