209941,1329,20778810
173902,70,741325
184774,68,613669
185333,73,1046587
190109,72,982643
204161,66,516799
259543,44,57196
243445,61,330771
368893,50,109468
177393,71,882465
282783,56,187155
262043,66,510412
111431,99,13037079
254405,51,118861
239307,51,112843
241964,62,339776
225378,41,42686
188043,70,763476
267504,51,115218
223067,48,83017
260547,32,16633
193814,47,82407
270171,35,23757
220080,45,64567
-1,-1
-1,-1
-1,-1
-1,-1
-1,-1
-1,-1
-1,-1
-1,-1
-1,-1
-1,-1
201558,1
-1,-1
-1,-1
-1,-1
-1,-1
-1,-1
131354,14
-1,-1
-1,-1
-1,-1
-1,-1
-1,-1
-1,-1
-1,-1
-1,-1
-1,-1
-1,-1
-1,-1
-1,-1
-1,-1
-1,-1
-1,-1
-1,-1
-1,-1
-1,-1
-1,-1
-1,-1
-1,-1
-1,-1
-1,-1
-1,-1
-1,-1
-1,-1
-1,-1
-1,-1
-1,-1
-1,-1
-1,-1
-1,-1
-1,-1
-1,-1
-1,-1
-1,-1
-1,-1
-1,-1
-1,-1
36996,7
-1,-1
-1,-1
-1,-1
98940,50
-1,-1
-1,-1
-1,-1
-1,-1
-1,-1
-1,-1
-1,-1
-1,-1
-1,-1
-1,-1
-1,-1
-1,-1
-1,-1
-1,-1
-1,-1
89514,538
-1,-1
-1,-1
