225839,1210,18105829
235518,60,277096
193592,61,330551
192528,70,789202
213032,67,563188
225618,60,274258
247641,44,57171
260831,59,248273
405732,45,67890
194525,69,721904
285861,54,156203
322096,57,218576
107435,99,13036619
248365,51,113021
229149,51,112399
355957,47,80685
216699,41,41603
180126,70,762950
269968,50,101511
298038,25,8000
249133,32,16582
190858,45,66021
427714,9,1000
213264,44,61126
-1,-1
-1,-1
-1,-1
-1,-1
-1,-1
-1,-1
-1,-1
-1,-1
-1,-1
-1,-1
-1,-1
-1,-1
-1,-1
-1,-1
-1,-1
-1,-1
123387,11
-1,-1
-1,-1
-1,-1
-1,-1
-1,-1
-1,-1
-1,-1
-1,-1
-1,-1
-1,-1
-1,-1
-1,-1
-1,-1
-1,-1
-1,-1
-1,-1
-1,-1
-1,-1
-1,-1
-1,-1
-1,-1
-1,-1
-1,-1
-1,-1
-1,-1
-1,-1
-1,-1
-1,-1
-1,-1
-1,-1
-1,-1
-1,-1
-1,-1
-1,-1
-1,-1
-1,-1
-1,-1
-1,-1
-1,-1
-1,-1
127781,17
-1,-1
-1,-1
-1,-1
-1,-1
-1,-1
-1,-1
-1,-1
-1,-1
-1,-1
-1,-1
-1,-1
-1,-1
-1,-1
-1,-1
-1,-1
85546,538
-1,-1
-1,-1
