236150,1329,20778810
196147,70,741325
208005,68,613669
209046,73,1046587
214265,72,982643
228164,66,516799
292535,44,57196
274467,61,330771
407249,50,109468
201331,71,882465
313223,56,187155
289888,66,510412
123269,99,13037079
285357,51,118861
270190,51,112843
275965,62,339776
252658,41,42686
213162,70,763476
301428,51,115218
249611,48,83017
291816,32,16633
225137,47,82407
301347,35,23757
246075,45,64567
-1,-1
-1,-1
-1,-1
-1,-1
-1,-1
-1,-1
-1,-1
-1,-1
-1,-1
-1,-1
221982,1
-1,-1
-1,-1
-1,-1
-1,-1
-1,-1
163739,14
-1,-1
-1,-1
-1,-1
-1,-1
-1,-1
-1,-1
-1,-1
-1,-1
-1,-1
-1,-1
-1,-1
-1,-1
-1,-1
-1,-1
-1,-1
-1,-1
-1,-1
-1,-1
-1,-1
-1,-1
-1,-1
-1,-1
-1,-1
-1,-1
-1,-1
-1,-1
-1,-1
-1,-1
-1,-1
-1,-1
-1,-1
-1,-1
-1,-1
-1,-1
-1,-1
-1,-1
-1,-1
-1,-1
-1,-1
-1,-1
-1,-1
-1,-1
60131,7
-1,-1
-1,-1
-1,-1
117522,50
-1,-1
-1,-1
-1,-1
-1,-1
-1,-1
-1,-1
-1,-1
-1,-1
-1,-1
-1,-1
-1,-1
-1,-1
-1,-1
-1,-1
-1,-1
-1,-1
-1,-1
98842,538
-1,-1
-1,-1
