217215,1167,16855976
218199,60,277076
246400,48,84651
253902,56,187354
231241,60,281447
209259,60,274258
228609,44,57148
241484,59,248195
378423,45,66890
180686,69,691546
316690,46,69322
298558,57,218576
97863,99,13036619
228775,51,112021
209908,51,112399
327015,47,80685
200343,41,41603
165851,70,762946
248542,50,101511
277398,25,8000
230959,31,15582
169316,45,66021
407248,9,1000
195635,44,61126
-1,-1
-1,-1
-1,-1
-1,-1
-1,-1
-1,-1
-1,-1
-1,-1
-1,-1
-1,-1
-1,-1
-1,-1
-1,-1
-1,-1
-1,-1
98642,11
-1,-1
-1,-1
-1,-1
-1,-1
-1,-1
-1,-1
-1,-1
-1,-1
-1,-1
-1,-1
-1,-1
-1,-1
-1,-1
-1,-1
-1,-1
-1,-1
-1,-1
-1,-1
-1,-1
-1,-1
-1,-1
-1,-1
-1,-1
-1,-1
-1,-1
-1,-1
-1,-1
-1,-1
-1,-1
-1,-1
-1,-1
-1,-1
-1,-1
-1,-1
-1,-1
-1,-1
-1,-1
-1,-1
-1,-1
104473,17
-1,-1
-1,-1
-1,-1
-1,-1
-1,-1
-1,-1
-1,-1
-1,-1
-1,-1
-1,-1
-1,-1
-1,-1
-1,-1
-1,-1
-1,-1
77669,538
-1,-1
-1,-1
