222886,1210,18105829
232456,60,277096
191223,61,330551
190082,70,789202
210405,67,563188
222865,60,274258
244248,44,57171
257363,59,248273
400838,45,67890
191763,69,721904
282084,54,156203
318216,57,218576
105949,99,13036619
245033,51,113021
225676,51,112399
351002,47,80685
213885,41,41603
177896,70,762950
266343,50,101511
294295,25,8000
245671,32,16582
187300,45,66021
423758,9,1000
210327,44,61126
-1,-1
-1,-1
-1,-1
-1,-1
-1,-1
-1,-1
-1,-1
-1,-1
-1,-1
-1,-1
-1,-1
-1,-1
-1,-1
-1,-1
-1,-1
-1,-1
119538,11
-1,-1
-1,-1
-1,-1
-1,-1
-1,-1
-1,-1
-1,-1
-1,-1
-1,-1
-1,-1
-1,-1
-1,-1
-1,-1
-1,-1
-1,-1
-1,-1
-1,-1
-1,-1
-1,-1
-1,-1
-1,-1
-1,-1
-1,-1
-1,-1
-1,-1
-1,-1
-1,-1
-1,-1
-1,-1
-1,-1
-1,-1
-1,-1
-1,-1
-1,-1
-1,-1
-1,-1
-1,-1
-1,-1
-1,-1
-1,-1
124307,17
-1,-1
-1,-1
-1,-1
-1,-1
-1,-1
-1,-1
-1,-1
-1,-1
-1,-1
-1,-1
-1,-1
-1,-1
-1,-1
-1,-1
-1,-1
84330,538
-1,-1
-1,-1
