242461,1329,20778810
201759,70,741325
213906,68,613669
214858,73,1046587
220245,72,982643
233964,66,516799
300804,44,57196
282110,61,330771
416543,50,109468
206701,71,882465
319968,56,187155
296317,66,510412
125859,99,13037079
293106,51,118861
278021,51,112843
284365,62,339776
259364,41,42686
219482,70,763476
310202,51,115218
256055,48,83017
300453,32,16633
232461,47,82407
309872,35,23757
252252,45,64567
-1,-1
-1,-1
-1,-1
-1,-1
-1,-1
-1,-1
-1,-1
-1,-1
-1,-1
-1,-1
227045,1
-1,-1
-1,-1
-1,-1
-1,-1
-1,-1
171058,14
-1,-1
-1,-1
-1,-1
-1,-1
-1,-1
-1,-1
-1,-1
-1,-1
-1,-1
-1,-1
-1,-1
-1,-1
-1,-1
-1,-1
-1,-1
-1,-1
-1,-1
-1,-1
-1,-1
-1,-1
-1,-1
-1,-1
-1,-1
-1,-1
-1,-1
-1,-1
-1,-1
-1,-1
-1,-1
-1,-1
-1,-1
-1,-1
-1,-1
-1,-1
-1,-1
-1,-1
-1,-1
-1,-1
-1,-1
-1,-1
-1,-1
-1,-1
66000,7
-1,-1
-1,-1
-1,-1
122455,50
-1,-1
-1,-1
-1,-1
-1,-1
-1,-1
-1,-1
-1,-1
-1,-1
-1,-1
-1,-1
-1,-1
-1,-1
-1,-1
-1,-1
-1,-1
-1,-1
-1,-1
100859,538
-1,-1
-1,-1
-1,-1
