225053,1167,16862712
225470,60,277076
254495,48,84651
260950,56,192410
238617,60,283127
216126,60,274258
236617,44,57148
249866,59,248195
390677,45,66890
188194,69,691546
327780,46,69322
308782,57,218576
102047,99,13036619
238305,51,112021
218178,51,112399
340099,47,80685
207405,41,41603
172144,70,762946
257873,50,101511
286146,25,8000
239494,31,15582
179192,45,66021
415330,9,1000
203254,44,61126
-1,-1
-1,-1
-1,-1
-1,-1
-1,-1
-1,-1
-1,-1
-1,-1
-1,-1
-1,-1
-1,-1
-1,-1
-1,-1
-1,-1
-1,-1
-1,-1
110398,11
-1,-1
-1,-1
-1,-1
-1,-1
-1,-1
-1,-1
-1,-1
-1,-1
-1,-1
-1,-1
-1,-1
-1,-1
-1,-1
-1,-1
-1,-1
-1,-1
-1,-1
-1,-1
-1,-1
-1,-1
-1,-1
-1,-1
-1,-1
-1,-1
-1,-1
-1,-1
-1,-1
-1,-1
-1,-1
-1,-1
-1,-1
-1,-1
-1,-1
-1,-1
-1,-1
-1,-1
-1,-1
-1,-1
-1,-1
115622,17
-1,-1
-1,-1
-1,-1
-1,-1
-1,-1
-1,-1
-1,-1
-1,-1
-1,-1
-1,-1
-1,-1
-1,-1
-1,-1
-1,-1
-1,-1
81111,538
-1,-1
-1,-1
