222990,1210,18105829
232593,60,277096
191336,61,330551
190189,70,789202
210507,67,563188
222980,60,274258
244397,44,57171
257532,59,248273
401052,45,67890
191879,69,721904
282269,54,156203
318380,57,218576
106023,99,13036619
245197,51,113021
225827,51,112399
351183,47,80685
214009,41,41603
177995,70,762950
266527,50,101511
294464,25,8000
245813,32,16582
187438,45,66021
423949,9,1000
210476,44,61126
-1,-1
-1,-1
-1,-1
-1,-1
-1,-1
-1,-1
-1,-1
-1,-1
-1,-1
-1,-1
-1,-1
-1,-1
-1,-1
-1,-1
-1,-1
-1,-1
119708,11
-1,-1
-1,-1
-1,-1
-1,-1
-1,-1
-1,-1
-1,-1
-1,-1
-1,-1
-1,-1
-1,-1
-1,-1
-1,-1
-1,-1
-1,-1
-1,-1
-1,-1
-1,-1
-1,-1
-1,-1
-1,-1
-1,-1
-1,-1
-1,-1
-1,-1
-1,-1
-1,-1
-1,-1
-1,-1
-1,-1
-1,-1
-1,-1
-1,-1
-1,-1
-1,-1
-1,-1
-1,-1
-1,-1
-1,-1
-1,-1
124479,17
-1,-1
-1,-1
-1,-1
-1,-1
-1,-1
-1,-1
-1,-1
-1,-1
-1,-1
-1,-1
-1,-1
-1,-1
-1,-1
-1,-1
-1,-1
84370,538
-1,-1
-1,-1
