258161,1329,20778810
216743,70,741325
230221,68,613669
231408,73,1046587
236669,72,982643
249497,66,516799
321842,44,57196
300900,61,330771
441653,50,109468
218774,71,882465
338877,56,187155
312030,66,510412
131747,99,13037079
312320,51,118861
296260,51,112843
303027,62,339776
275657,41,42686
233605,70,763476
333483,51,115218
271141,48,83017
322226,32,16633
252389,47,82407
330659,35,23757
266942,45,64567
-1,-1
-1,-1
-1,-1
-1,-1
-1,-1
-1,-1
-1,-1
-1,-1
-1,-1
-1,-1
238235,1
-1,-1
-1,-1
-1,-1
-1,-1
-1,-1
191046,14
-1,-1
-1,-1
-1,-1
-1,-1
-1,-1
-1,-1
-1,-1
-1,-1
-1,-1
-1,-1
-1,-1
-1,-1
-1,-1
-1,-1
-1,-1
-1,-1
-1,-1
-1,-1
-1,-1
-1,-1
-1,-1
-1,-1
-1,-1
-1,-1
-1,-1
-1,-1
-1,-1
-1,-1
-1,-1
-1,-1
-1,-1
-1,-1
-1,-1
-1,-1
-1,-1
-1,-1
-1,-1
-1,-1
-1,-1
-1,-1
-1,-1
-1,-1
-1,-1
78754,7
-1,-1
-1,-1
-1,-1
135492,50
-1,-1
-1,-1
-1,-1
-1,-1
-1,-1
-1,-1
-1,-1
-1,-1
-1,-1
-1,-1
-1,-1
-1,-1
-1,-1
-1,-1
-1,-1
-1,-1
-1,-1
106401,538
-1,-1
-1,-1
-1,-1
