206855,1329,20778810
171305,70,741325
182123,68,613669
182730,73,1046587
187357,72,982643
201385,66,516799
255741,44,57196
239806,61,330771
364576,50,109468
174635,71,882465
278872,56,187155
258852,66,510412
109808,99,13037079
250914,51,118861
235992,51,112843
237929,62,339776
222300,41,42686
185266,70,763476
263750,51,115218
219905,48,83017
256990,32,16633
190116,47,82407
266563,35,23757
216903,45,64567
-1,-1
-1,-1
-1,-1
-1,-1
-1,-1
-1,-1
-1,-1
-1,-1
-1,-1
-1,-1
199334,1
-1,-1
-1,-1
-1,-1
-1,-1
-1,-1
127414,14
-1,-1
-1,-1
-1,-1
-1,-1
-1,-1
-1,-1
-1,-1
-1,-1
-1,-1
-1,-1
-1,-1
-1,-1
-1,-1
-1,-1
-1,-1
-1,-1
-1,-1
-1,-1
-1,-1
-1,-1
-1,-1
-1,-1
-1,-1
-1,-1
-1,-1
-1,-1
-1,-1
-1,-1
-1,-1
-1,-1
-1,-1
-1,-1
-1,-1
-1,-1
-1,-1
-1,-1
-1,-1
-1,-1
-1,-1
33910,7
-1,-1
-1,-1
-1,-1
96760,50
-1,-1
-1,-1
-1,-1
-1,-1
-1,-1
-1,-1
-1,-1
-1,-1
-1,-1
-1,-1
-1,-1
-1,-1
-1,-1
-1,-1
-1,-1
88268,538
-1,-1
-1,-1
