210007,1329,20778810
173959,70,741325
184846,68,613669
185385,73,1046587
190182,72,982643
204223,66,516799
259613,44,57196
243528,61,330771
368981,50,109468
177461,71,882465
282858,56,187155
262114,66,510412
111466,99,13037079
254480,51,118861
239386,51,112843
242045,62,339776
225444,41,42686
188099,70,763476
267576,51,115218
223142,48,83017
260634,32,16633
193896,47,82407
270269,35,23757
220144,45,64567
-1,-1
-1,-1
-1,-1
-1,-1
-1,-1
-1,-1
-1,-1
-1,-1
-1,-1
-1,-1
201600,1
-1,-1
-1,-1
-1,-1
-1,-1
-1,-1
131446,14
-1,-1
-1,-1
-1,-1
-1,-1
-1,-1
-1,-1
-1,-1
-1,-1
-1,-1
-1,-1
-1,-1
-1,-1
-1,-1
-1,-1
-1,-1
-1,-1
-1,-1
-1,-1
-1,-1
-1,-1
-1,-1
-1,-1
-1,-1
-1,-1
-1,-1
-1,-1
-1,-1
-1,-1
-1,-1
-1,-1
-1,-1
-1,-1
-1,-1
-1,-1
-1,-1
-1,-1
-1,-1
-1,-1
-1,-1
37092,7
-1,-1
-1,-1
-1,-1
98994,50
-1,-1
-1,-1
-1,-1
-1,-1
-1,-1
-1,-1
-1,-1
-1,-1
-1,-1
-1,-1
-1,-1
-1,-1
-1,-1
-1,-1
-1,-1
89554,538
-1,-1
-1,-1
