297296,1330,20778810
253732,70,741325
267920,68,613669
270038,73,1046587
275517,72,982643
285329,66,516799
366250,44,57196
343544,61,330771
489561,50,109468
252578,71,882465
379178,56,187155
347623,66,510412
142000,99,13037079
354308,51,118861
338645,51,112843
348000,62,339776
312747,41,42686
266940,70,763476
382324,51,115218
308300,48,83017
366818,32,16633
290988,47,82407
374831,35,23757
304973,45,64567
-1,1,0
-1,-1
-1,-1
-1,-1
-1,-1
-1,-1
-1,-1
-1,-1
-1,-1
-1,-1
-1,-1
-1,-1
264901,1
-1,-1
-1,-1
-1,-1
-1,-1
-1,-1
229263,14
-1,-1
-1,-1
-1,-1
-1,-1
-1,-1
-1,-1
-1,-1
-1,-1
-1,0
-1,-1
-1,-1
-1,-1
-1,-1
-1,-1
-1,-1
-1,-1
-1,-1
-1,-1
-1,-1
-1,-1
-1,-1
-1,-1
-1,-1
-1,-1
-1,-1
-1,-1
-1,-1
-1,-1
-1,-1
-1,-1
-1,-1
-1,-1
-1,-1
-1,-1
-1,-1
-1,-1
-1,-1
-1,-1
-1,-1
-1,-1
-1,-1
-1,-1
-1,-1
-1,-1
103123,7
-1,-1
-1,-1
-1,-1
-1,-1
165373,50
-1,-1
-1,-1
-1,-1
-1,-1
-1,-1
-1,-1
-1,-1
-1,-1
-1,-1
-1,-1
-1,-1
-1,-1
-1,-1
-1,-1
-1,-1
-1,-1
-1,-1
115005,538
-1,-1
-1,-1
-1,-1
