217270,1167,16855976
218244,60,277076
246453,48,84651
253966,56,187354
231289,60,281447
209301,60,274258
228667,44,57148
241534,59,248195
378516,45,66890
180744,69,691546
316786,46,69322
298641,57,218576
97912,99,13036619
228849,51,112021
209968,51,112399
327114,47,80685
200398,41,41603
165896,70,762946
248633,50,101511
277446,25,8000
231022,31,15582
169388,45,66021
407313,9,1000
195698,44,61126
-1,-1
-1,-1
-1,-1
-1,-1
-1,-1
-1,-1
-1,-1
-1,-1
-1,-1
-1,-1
-1,-1
-1,-1
-1,-1
-1,-1
-1,-1
98721,11
-1,-1
-1,-1
-1,-1
-1,-1
-1,-1
-1,-1
-1,-1
-1,-1
-1,-1
-1,-1
-1,-1
-1,-1
-1,-1
-1,-1
-1,-1
-1,-1
-1,-1
-1,-1
-1,-1
-1,-1
-1,-1
-1,-1
-1,-1
-1,-1
-1,-1
-1,-1
-1,-1
-1,-1
-1,-1
-1,-1
-1,-1
-1,-1
-1,-1
-1,-1
-1,-1
-1,-1
-1,-1
-1,-1
-1,-1
104567,17
-1,-1
-1,-1
-1,-1
-1,-1
-1,-1
-1,-1
-1,-1
-1,-1
-1,-1
-1,-1
-1,-1
-1,-1
-1,-1
-1,-1
-1,-1
77694,538
-1,-1
-1,-1
