242611,1329,20778810
201885,70,741325
214041,68,613669
214981,73,1046587
220379,72,982643
234088,66,516799
300977,44,57196
282296,61,330771
416756,50,109468
206824,71,882465
320124,56,187155
296467,66,510412
125923,99,13037079
293308,51,118861
278217,51,112843
284560,62,339776
259499,41,42686
219644,70,763476
310410,51,115218
256192,48,83017
300651,32,16633
232646,47,82407
310028,35,23757
252415,45,64567
-1,-1
-1,-1
-1,-1
-1,-1
-1,-1
-1,-1
-1,-1
-1,-1
-1,-1
-1,-1
227139,1
-1,-1
-1,-1
-1,-1
-1,-1
-1,-1
171244,14
-1,-1
-1,-1
-1,-1
-1,-1
-1,-1
-1,-1
-1,-1
-1,-1
-1,-1
-1,-1
-1,-1
-1,-1
-1,-1
-1,-1
-1,-1
-1,-1
-1,-1
-1,-1
-1,-1
-1,-1
-1,-1
-1,-1
-1,-1
-1,-1
-1,-1
-1,-1
-1,-1
-1,-1
-1,-1
-1,-1
-1,-1
-1,-1
-1,-1
-1,-1
-1,-1
-1,-1
-1,-1
-1,-1
-1,-1
-1,-1
-1,-1
-1,-1
66119,7
-1,-1
-1,-1
-1,-1
122575,50
-1,-1
-1,-1
-1,-1
-1,-1
-1,-1
-1,-1
-1,-1
-1,-1
-1,-1
-1,-1
-1,-1
-1,-1
-1,-1
-1,-1
-1,-1
-1,-1
-1,-1
100921,538
-1,-1
-1,-1
-1,-1
