250417,1329,20778810
208721,70,741325
221156,68,613669
221794,73,1046587
227391,72,982643
240809,66,516799
311572,44,57196
291727,61,330771
429424,50,109468
213134,71,882465
328810,56,187155
304718,66,510412
129132,99,13037079
303116,51,118861
287636,51,112843
294613,62,339776
267829,41,42686
227457,70,763476
322429,51,115218
264232,48,83017
311532,32,16633
242530,47,82407
320590,35,23757
259906,45,64567
-1,-1
-1,-1
-1,-1
-1,-1
-1,-1
-1,-1
-1,-1
-1,-1
-1,-1
-1,-1
233250,1
-1,-1
-1,-1
-1,-1
-1,-1
-1,-1
181290,14
-1,-1
-1,-1
-1,-1
-1,-1
-1,-1
-1,-1
-1,-1
-1,-1
-1,-1
-1,-1
-1,-1
-1,-1
-1,-1
-1,-1
-1,-1
-1,-1
-1,-1
-1,-1
-1,-1
-1,-1
-1,-1
-1,-1
-1,-1
-1,-1
-1,-1
-1,-1
-1,-1
-1,-1
-1,-1
-1,-1
-1,-1
-1,-1
-1,-1
-1,-1
-1,-1
-1,-1
-1,-1
-1,-1
-1,-1
-1,-1
-1,-1
-1,-1
73340,7
-1,-1
-1,-1
-1,-1
129287,50
-1,-1
-1,-1
-1,-1
-1,-1
-1,-1
-1,-1
-1,-1
-1,-1
-1,-1
-1,-1
-1,-1
-1,-1
-1,-1
-1,-1
-1,-1
-1,-1
-1,-1
103883,538
-1,-1
-1,-1
-1,-1
