293436,1330,20778810
250129,70,741325
264213,68,613669
266164,73,1046587
271652,72,982643
281654,66,516799
361954,44,57196
339466,61,330771
485063,50,109468
249197,71,882465
375640,56,187155
344304,66,510412
141297,99,13037079
350427,51,118861
334590,51,112843
343909,62,339776
309175,41,42686
263890,70,763476
378099,51,115218
304592,48,83017
363050,32,16633
287767,47,82407
370994,35,23757
301494,45,64567
-1,1,0
-1,-1
-1,-1
-1,-1
-1,-1
-1,-1
-1,-1
-1,-1
-1,-1
-1,-1
-1,-1
-1,-1
262178,1
-1,-1
-1,-1
-1,-1
-1,-1
-1,-1
226030,14
-1,-1
-1,-1
-1,-1
-1,-1
-1,-1
-1,-1
-1,-1
-1,-1
-1,0
-1,-1
-1,-1
-1,-1
-1,-1
-1,-1
-1,-1
-1,-1
-1,-1
-1,-1
-1,-1
-1,-1
-1,-1
-1,-1
-1,-1
-1,-1
-1,-1
-1,-1
-1,-1
-1,-1
-1,-1
-1,-1
-1,-1
-1,-1
-1,-1
-1,-1
-1,-1
-1,-1
-1,-1
-1,-1
-1,-1
-1,-1
-1,-1
-1,-1
-1,-1
-1,-1
100653,7
-1,-1
-1,-1
-1,-1
-1,-1
162735,50
-1,-1
-1,-1
-1,-1
-1,-1
-1,-1
-1,-1
-1,-1
-1,-1
-1,-1
-1,-1
-1,-1
-1,-1
-1,-1
-1,-1
-1,-1
-1,-1
-1,-1
114671,538
-1,-1
-1,-1
-1,-1
