275896,1329,20778810
234486,70,741325
248430,68,613669
249901,73,1046587
255276,72,982643
266333,66,516799
341610,44,57196
320586,61,330771
463441,50,109468
233560,71,882465
358451,56,187155
328444,66,510412
136832,99,13037079
332117,51,118861
315346,51,112843
323626,62,339776
293017,41,42686
249195,70,763476
356721,51,115218
288019,48,83017
343668,32,16633
270989,47,82407
351683,35,23757
283727,45,64567
-1,-1
-1,-1
-1,-1
-1,-1
-1,-1
-1,-1
-1,-1
-1,-1
-1,-1
-1,-1
-1,-1
250527,1
-1,-1
-1,-1
-1,-1
-1,-1
-1,-1
209358,14
-1,-1
-1,-1
-1,-1
-1,-1
-1,-1
-1,-1
-1,-1
-1,-1
-1,-1
-1,-1
-1,-1
-1,-1
-1,-1
-1,-1
-1,-1
-1,-1
-1,-1
-1,-1
-1,-1
-1,-1
-1,-1
-1,-1
-1,-1
-1,-1
-1,-1
-1,-1
-1,-1
-1,-1
-1,-1
-1,-1
-1,-1
-1,-1
-1,-1
-1,-1
-1,-1
-1,-1
-1,-1
-1,-1
-1,-1
-1,-1
-1,-1
-1,-1
-1,-1
90216,7
-1,-1
-1,-1
-1,-1
-1,-1
149901,50
-1,-1
-1,-1
-1,-1
-1,-1
-1,-1
-1,-1
-1,-1
-1,-1
-1,-1
-1,-1
-1,-1
-1,-1
-1,-1
-1,-1
-1,-1
-1,-1
-1,-1
111390,538
-1,-1
-1,-1
-1,-1
