222919,1329,20778810
184796,70,741325
196256,68,613669
196836,73,1046587
201983,72,982643
215967,66,516799
275947,44,57196
258798,61,330771
388078,50,109468
189232,71,882465
298331,56,187155
276091,66,510412
117254,99,13037079
269669,51,118861
254469,51,112843
258878,62,339776
238935,41,42686
200568,70,763476
284175,51,115218
236116,48,83017
275911,32,16633
209210,47,82407
285629,35,23757
233182,45,64567
-1,-1
-1,-1
-1,-1
-1,-1
-1,-1
-1,-1
-1,-1
-1,-1
-1,-1
-1,-1
211613,1
-1,-1
-1,-1
-1,-1
-1,-1
-1,-1
147345,14
-1,-1
-1,-1
-1,-1
-1,-1
-1,-1
-1,-1
-1,-1
-1,-1
-1,-1
-1,-1
-1,-1
-1,-1
-1,-1
-1,-1
-1,-1
-1,-1
-1,-1
-1,-1
-1,-1
-1,-1
-1,-1
-1,-1
-1,-1
-1,-1
-1,-1
-1,-1
-1,-1
-1,-1
-1,-1
-1,-1
-1,-1
-1,-1
-1,-1
-1,-1
-1,-1
-1,-1
-1,-1
-1,-1
-1,-1
-1,-1
-1,-1
49042,7
-1,-1
-1,-1
-1,-1
108224,50
-1,-1
-1,-1
-1,-1
-1,-1
-1,-1
-1,-1
-1,-1
-1,-1
-1,-1
-1,-1
-1,-1
-1,-1
-1,-1
-1,-1
-1,-1
-1,-1
94104,538
-1,-1
-1,-1
