218173,1210,18105829
227667,60,277096
187223,61,330551
185938,70,789202
206038,67,563188
218336,60,274258
238976,44,57171
252299,59,248273
392920,45,67890
187083,69,721904
276189,54,156203
311839,57,218576
103388,99,13036619
239804,51,113021
220624,51,112399
343538,47,80685
209511,41,41603
174216,70,762950
260557,50,101511
288646,25,8000
240502,32,16582
181879,45,66021
417971,9,1000
205532,44,61126
-1,-1
-1,-1
-1,-1
-1,-1
-1,-1
-1,-1
-1,-1
-1,-1
-1,-1
-1,-1
-1,-1
-1,-1
-1,-1
-1,-1
-1,-1
-1,-1
113276,11
-1,-1
-1,-1
-1,-1
-1,-1
-1,-1
-1,-1
-1,-1
-1,-1
-1,-1
-1,-1
-1,-1
-1,-1
-1,-1
-1,-1
-1,-1
-1,-1
-1,-1
-1,-1
-1,-1
-1,-1
-1,-1
-1,-1
-1,-1
-1,-1
-1,-1
-1,-1
-1,-1
-1,-1
-1,-1
-1,-1
-1,-1
-1,-1
-1,-1
-1,-1
-1,-1
-1,-1
-1,-1
-1,-1
-1,-1
118423,17
-1,-1
-1,-1
-1,-1
-1,-1
-1,-1
-1,-1
-1,-1
-1,-1
-1,-1
-1,-1
-1,-1
-1,-1
-1,-1
-1,-1
-1,-1
82266,538
-1,-1
-1,-1
