228740,1329,20778810
189663,70,741325
201359,68,613669
202097,73,1046587
207275,72,982643
221335,66,516799
283020,44,57196
265617,61,330771
396252,50,109468
194564,71,882465
304945,56,187155
281920,66,510412
120102,99,13037079
276466,51,118861
261107,51,112843
266167,62,339776
244826,41,42686
206170,70,763476
291357,51,115218
241976,48,83017
282555,32,16633
216169,47,82407
292183,35,23757
238744,45,64567
-1,-1
-1,-1
-1,-1
-1,-1
-1,-1
-1,-1
-1,-1
-1,-1
-1,-1
-1,-1
215978,1
-1,-1
-1,-1
-1,-1
-1,-1
-1,-1
154614,14
-1,-1
-1,-1
-1,-1
-1,-1
-1,-1
-1,-1
-1,-1
-1,-1
-1,-1
-1,-1
-1,-1
-1,-1
-1,-1
-1,-1
-1,-1
-1,-1
-1,-1
-1,-1
-1,-1
-1,-1
-1,-1
-1,-1
-1,-1
-1,-1
-1,-1
-1,-1
-1,-1
-1,-1
-1,-1
-1,-1
-1,-1
-1,-1
-1,-1
-1,-1
-1,-1
-1,-1
-1,-1
-1,-1
-1,-1
-1,-1
-1,-1
53876,7
-1,-1
-1,-1
-1,-1
112075,50
-1,-1
-1,-1
-1,-1
-1,-1
-1,-1
-1,-1
-1,-1
-1,-1
-1,-1
-1,-1
-1,-1
-1,-1
-1,-1
-1,-1
-1,-1
-1,-1
96380,538
-1,-1
-1,-1
