223062,1210,18105829
232688,60,277096
191409,61,330551
190263,70,789202
210592,67,563188
223039,60,274258
244487,44,57171
257609,59,248273
401186,45,67890
191968,69,721904
282394,54,156203
318505,57,218576
106057,99,13036619
245294,51,113021
225908,51,112399
351300,47,80685
214088,41,41603
178065,70,762950
266625,50,101511
294569,25,8000
245900,32,16582
187550,45,66021
424052,9,1000
210559,44,61126
-1,-1
-1,-1
-1,-1
-1,-1
-1,-1
-1,-1
-1,-1
-1,-1
-1,-1
-1,-1
-1,-1
-1,-1
-1,-1
-1,-1
-1,-1
-1,-1
119834,11
-1,-1
-1,-1
-1,-1
-1,-1
-1,-1
-1,-1
-1,-1
-1,-1
-1,-1
-1,-1
-1,-1
-1,-1
-1,-1
-1,-1
-1,-1
-1,-1
-1,-1
-1,-1
-1,-1
-1,-1
-1,-1
-1,-1
-1,-1
-1,-1
-1,-1
-1,-1
-1,-1
-1,-1
-1,-1
-1,-1
-1,-1
-1,-1
-1,-1
-1,-1
-1,-1
-1,-1
-1,-1
-1,-1
-1,-1
-1,-1
124572,17
-1,-1
-1,-1
-1,-1
-1,-1
-1,-1
-1,-1
-1,-1
-1,-1
-1,-1
-1,-1
-1,-1
-1,-1
-1,-1
-1,-1
-1,-1
84402,538
-1,-1
-1,-1
