250520,1329,20778810
208803,70,741325
221244,68,613669
221898,73,1046587
227470,72,982643
240902,66,516799
311729,44,57196
291861,61,330771
429626,50,109468
213216,71,882465
328935,56,187155
304867,66,510412
129191,99,13037079
303277,51,118861
287776,51,112843
294731,62,339776
267946,41,42686
227566,70,763476
322616,51,115218
264335,48,83017
311698,32,16633
242676,47,82407
320779,35,23757
260017,45,64567
-1,-1
-1,-1
-1,-1
-1,-1
-1,-1
-1,-1
-1,-1
-1,-1
-1,-1
-1,-1
233331,1
-1,-1
-1,-1
-1,-1
-1,-1
-1,-1
181443,14
-1,-1
-1,-1
-1,-1
-1,-1
-1,-1
-1,-1
-1,-1
-1,-1
-1,-1
-1,-1
-1,-1
-1,-1
-1,-1
-1,-1
-1,-1
-1,-1
-1,-1
-1,-1
-1,-1
-1,-1
-1,-1
-1,-1
-1,-1
-1,-1
-1,-1
-1,-1
-1,-1
-1,-1
-1,-1
-1,-1
-1,-1
-1,-1
-1,-1
-1,-1
-1,-1
-1,-1
-1,-1
-1,-1
-1,-1
-1,-1
-1,-1
-1,-1
73434,7
-1,-1
-1,-1
-1,-1
129409,50
-1,-1
-1,-1
-1,-1
-1,-1
-1,-1
-1,-1
-1,-1
-1,-1
-1,-1
-1,-1
-1,-1
-1,-1
-1,-1
-1,-1
-1,-1
-1,-1
-1,-1
103945,538
-1,-1
-1,-1
-1,-1
