203792,1329,20778810
168707,70,741325
179395,68,613669
179970,73,1046587
184603,72,982643
198572,66,516799
252152,44,57196
236405,61,330771
360352,50,109468
171890,71,882465
275134,56,187155
255796,66,510412
108139,99,13037079
247515,51,118861
232513,51,112843
233841,62,339776
219163,41,42686
182671,70,763476
259849,51,115218
216931,48,83017
253386,32,16633
186659,47,82407
262823,35,23757
213751,45,64567
-1,-1
-1,-1
-1,-1
-1,-1
-1,-1
-1,-1
-1,-1
-1,-1
-1,-1
-1,-1
197255,1
-1,-1
-1,-1
-1,-1
-1,-1
-1,-1
123860,14
-1,-1
-1,-1
-1,-1
-1,-1
-1,-1
-1,-1
-1,-1
-1,-1
-1,-1
-1,-1
-1,-1
-1,-1
-1,-1
-1,-1
-1,-1
-1,-1
-1,-1
-1,-1
-1,-1
-1,-1
-1,-1
-1,-1
-1,-1
-1,-1
-1,-1
-1,-1
-1,-1
-1,-1
-1,-1
-1,-1
-1,-1
-1,-1
-1,-1
-1,-1
-1,-1
-1,-1
-1,-1
-1,-1
-1,-1
30611,7
-1,-1
-1,-1
-1,-1
94605,50
-1,-1
-1,-1
-1,-1
-1,-1
-1,-1
-1,-1
-1,-1
-1,-1
-1,-1
-1,-1
-1,-1
-1,-1
-1,-1
-1,-1
-1,-1
86864,538
-1,-1
-1,-1
