203855,1329,20778810
168751,70,741325
179461,68,613669
180013,73,1046587
184649,72,982643
198629,66,516799
252215,44,57196
236470,61,330771
360440,50,109468
171931,71,882465
275194,56,187155
255844,66,510412
108172,99,13037079
247587,51,118861
232572,51,112843
233918,62,339776
219200,41,42686
182725,70,763476
259924,51,115218
216981,48,83017
253458,32,16633
186725,47,82407
262879,35,23757
213798,45,64567
-1,-1
-1,-1
-1,-1
-1,-1
-1,-1
-1,-1
-1,-1
-1,-1
-1,-1
-1,-1
197295,1
-1,-1
-1,-1
-1,-1
-1,-1
-1,-1
123929,14
-1,-1
-1,-1
-1,-1
-1,-1
-1,-1
-1,-1
-1,-1
-1,-1
-1,-1
-1,-1
-1,-1
-1,-1
-1,-1
-1,-1
-1,-1
-1,-1
-1,-1
-1,-1
-1,-1
-1,-1
-1,-1
-1,-1
-1,-1
-1,-1
-1,-1
-1,-1
-1,-1
-1,-1
-1,-1
-1,-1
-1,-1
-1,-1
-1,-1
-1,-1
-1,-1
-1,-1
-1,-1
-1,-1
-1,-1
30685,7
-1,-1
-1,-1
-1,-1
94643,50
-1,-1
-1,-1
-1,-1
-1,-1
-1,-1
-1,-1
-1,-1
-1,-1
-1,-1
-1,-1
-1,-1
-1,-1
-1,-1
-1,-1
-1,-1
86894,538
-1,-1
-1,-1
