231120,1329,20778810
191644,70,741325
203398,68,613669
204233,73,1046587
209467,72,982643
223440,66,516799
285992,44,57196
268396,61,330771
399746,50,109468
196697,71,882465
307530,56,187155
284448,66,510412
121071,99,13037079
279191,51,118861
263921,51,112843
269316,62,339776
247242,41,42686
208405,70,763476
294361,51,115218
244377,48,83017
285387,32,16633
219015,47,82407
294949,35,23757
241037,45,64567
-1,-1
-1,-1
-1,-1
-1,-1
-1,-1
-1,-1
-1,-1
-1,-1
-1,-1
-1,-1
217803,1
-1,-1
-1,-1
-1,-1
-1,-1
-1,-1
157537,14
-1,-1
-1,-1
-1,-1
-1,-1
-1,-1
-1,-1
-1,-1
-1,-1
-1,-1
-1,-1
-1,-1
-1,-1
-1,-1
-1,-1
-1,-1
-1,-1
-1,-1
-1,-1
-1,-1
-1,-1
-1,-1
-1,-1
-1,-1
-1,-1
-1,-1
-1,-1
-1,-1
-1,-1
-1,-1
-1,-1
-1,-1
-1,-1
-1,-1
-1,-1
-1,-1
-1,-1
-1,-1
-1,-1
-1,-1
-1,-1
-1,-1
55841,7
-1,-1
-1,-1
-1,-1
113691,50
-1,-1
-1,-1
-1,-1
-1,-1
-1,-1
-1,-1
-1,-1
-1,-1
-1,-1
-1,-1
-1,-1
-1,-1
-1,-1
-1,-1
-1,-1
-1,-1
97154,538
-1,-1
-1,-1
