236361,1329,20778810
196333,70,741325
208185,68,613669
209238,73,1046587
214460,72,982643
228362,66,516799
292777,44,57196
274713,61,330771
407538,50,109468
201533,71,882465
313396,56,187155
290092,66,510412
123370,99,13037079
285602,51,118861
270412,51,112843
276230,62,339776
252879,41,42686
213386,70,763476
301702,51,115218
249803,48,83017
292084,32,16633
225378,47,82407
301636,35,23757
246252,45,64567
-1,-1
-1,-1
-1,-1
-1,-1
-1,-1
-1,-1
-1,-1
-1,-1
-1,-1
-1,-1
222111,1
-1,-1
-1,-1
-1,-1
-1,-1
-1,-1
163970,14
-1,-1
-1,-1
-1,-1
-1,-1
-1,-1
-1,-1
-1,-1
-1,-1
-1,-1
-1,-1
-1,-1
-1,-1
-1,-1
-1,-1
-1,-1
-1,-1
-1,-1
-1,-1
-1,-1
-1,-1
-1,-1
-1,-1
-1,-1
-1,-1
-1,-1
-1,-1
-1,-1
-1,-1
-1,-1
-1,-1
-1,-1
-1,-1
-1,-1
-1,-1
-1,-1
-1,-1
-1,-1
-1,-1
-1,-1
-1,-1
-1,-1
-1,-1
60347,7
-1,-1
-1,-1
-1,-1
117678,50
-1,-1
-1,-1
-1,-1
-1,-1
-1,-1
-1,-1
-1,-1
-1,-1
-1,-1
-1,-1
-1,-1
-1,-1
-1,-1
-1,-1
-1,-1
-1,-1
-1,-1
98912,538
-1,-1
-1,-1
