242766,1329,20778810
202018,70,741325
214159,68,613669
215089,73,1046587
220500,72,982643
234224,66,516799
301173,44,57196
282487,61,330771
416939,50,109468
206944,71,882465
320261,56,187155
296631,66,510412
125983,99,13037079
293490,51,118861
278375,51,112843
284771,62,339776
259642,41,42686
219788,70,763476
310597,51,115218
256347,48,83017
300816,32,16633
232812,47,82407
310208,35,23757
252573,45,64567
-1,-1
-1,-1
-1,-1
-1,-1
-1,-1
-1,-1
-1,-1
-1,-1
-1,-1
-1,-1
227246,1
-1,-1
-1,-1
-1,-1
-1,-1
-1,-1
171399,14
-1,-1
-1,-1
-1,-1
-1,-1
-1,-1
-1,-1
-1,-1
-1,-1
-1,-1
-1,-1
-1,-1
-1,-1
-1,-1
-1,-1
-1,-1
-1,-1
-1,-1
-1,-1
-1,-1
-1,-1
-1,-1
-1,-1
-1,-1
-1,-1
-1,-1
-1,-1
-1,-1
-1,-1
-1,-1
-1,-1
-1,-1
-1,-1
-1,-1
-1,-1
-1,-1
-1,-1
-1,-1
-1,-1
-1,-1
-1,-1
-1,-1
-1,-1
66215,7
-1,-1
-1,-1
-1,-1
122704,50
-1,-1
-1,-1
-1,-1
-1,-1
-1,-1
-1,-1
-1,-1
-1,-1
-1,-1
-1,-1
-1,-1
-1,-1
-1,-1
-1,-1
-1,-1
-1,-1
-1,-1
100988,538
-1,-1
-1,-1
-1,-1
