213138,1329,20778810
176574,70,741325
187602,68,613669
188076,73,1046587
193062,72,982643
207123,66,516799
263696,44,57196
247286,61,330771
373685,50,109468
180319,71,882465
286936,56,187155
265566,66,510412
113027,99,13037079
258158,51,118861
243092,51,112843
246172,62,339776
228817,41,42686
190914,70,763476
271557,51,115218
226327,48,83017
264541,32,16633
197641,47,82407
274098,35,23757
223468,45,64567
-1,-1
-1,-1
-1,-1
-1,-1
-1,-1
-1,-1
-1,-1
-1,-1
-1,-1
-1,-1
203991,1
-1,-1
-1,-1
-1,-1
-1,-1
-1,-1
135377,14
-1,-1
-1,-1
-1,-1
-1,-1
-1,-1
-1,-1
-1,-1
-1,-1
-1,-1
-1,-1
-1,-1
-1,-1
-1,-1
-1,-1
-1,-1
-1,-1
-1,-1
-1,-1
-1,-1
-1,-1
-1,-1
-1,-1
-1,-1
-1,-1
-1,-1
-1,-1
-1,-1
-1,-1
-1,-1
-1,-1
-1,-1
-1,-1
-1,-1
-1,-1
-1,-1
-1,-1
-1,-1
-1,-1
-1,-1
40460,7
-1,-1
-1,-1
-1,-1
101235,50
-1,-1
-1,-1
-1,-1
-1,-1
-1,-1
-1,-1
-1,-1
-1,-1
-1,-1
-1,-1
-1,-1
-1,-1
-1,-1
-1,-1
-1,-1
90769,538
-1,-1
-1,-1
