203836,1329,20778810
168740,70,741325
179449,68,613669
179999,73,1046587
184641,72,982643
198618,66,516799
252200,44,57196
236452,61,330771
360414,50,109468
171926,71,882465
275177,56,187155
255831,66,510412
108165,99,13037079
247567,51,118861
232554,51,112843
233905,62,339776
219189,41,42686
182715,70,763476
259905,51,115218
216963,48,83017
253433,32,16633
186712,47,82407
262869,35,23757
213785,45,64567
-1,-1
-1,-1
-1,-1
-1,-1
-1,-1
-1,-1
-1,-1
-1,-1
-1,-1
-1,-1
197284,1
-1,-1
-1,-1
-1,-1
-1,-1
-1,-1
123911,14
-1,-1
-1,-1
-1,-1
-1,-1
-1,-1
-1,-1
-1,-1
-1,-1
-1,-1
-1,-1
-1,-1
-1,-1
-1,-1
-1,-1
-1,-1
-1,-1
-1,-1
-1,-1
-1,-1
-1,-1
-1,-1
-1,-1
-1,-1
-1,-1
-1,-1
-1,-1
-1,-1
-1,-1
-1,-1
-1,-1
-1,-1
-1,-1
-1,-1
-1,-1
-1,-1
-1,-1
-1,-1
-1,-1
-1,-1
30666,7
-1,-1
-1,-1
-1,-1
94636,50
-1,-1
-1,-1
-1,-1
-1,-1
-1,-1
-1,-1
-1,-1
-1,-1
-1,-1
-1,-1
-1,-1
-1,-1
-1,-1
-1,-1
-1,-1
86889,538
-1,-1
-1,-1
