210095,1329,20778810
174021,70,741325
184908,68,613669
185441,73,1046587
190244,72,982643
204294,66,516799
259719,44,57196
243610,61,330771
369066,50,109468
177514,71,882465
282954,56,187155
262198,66,510412
111499,99,13037079
254548,51,118861
239469,51,112843
242143,62,339776
225508,41,42686
188152,70,763476
267657,51,115218
223222,48,83017
260717,32,16633
193987,47,82407
270342,35,23757
220221,45,64567
-1,-1
-1,-1
-1,-1
-1,-1
-1,-1
-1,-1
-1,-1
-1,-1
-1,-1
-1,-1
201661,1
-1,-1
-1,-1
-1,-1
-1,-1
-1,-1
131539,14
-1,-1
-1,-1
-1,-1
-1,-1
-1,-1
-1,-1
-1,-1
-1,-1
-1,-1
-1,-1
-1,-1
-1,-1
-1,-1
-1,-1
-1,-1
-1,-1
-1,-1
-1,-1
-1,-1
-1,-1
-1,-1
-1,-1
-1,-1
-1,-1
-1,-1
-1,-1
-1,-1
-1,-1
-1,-1
-1,-1
-1,-1
-1,-1
-1,-1
-1,-1
-1,-1
-1,-1
-1,-1
-1,-1
-1,-1
37187,7
-1,-1
-1,-1
-1,-1
99048,50
-1,-1
-1,-1
-1,-1
-1,-1
-1,-1
-1,-1
-1,-1
-1,-1
-1,-1
-1,-1
-1,-1
-1,-1
-1,-1
-1,-1
-1,-1
89589,538
-1,-1
-1,-1
