265698,1329,20778810
224507,70,741325
238298,68,613669
239565,73,1046587
244926,72,982643
256837,66,516799
330131,44,57196
309234,61,330771
450866,50,109468
224070,71,882465
346517,56,187155
318704,66,510412
133428,99,13037079
320413,51,118861
304138,51,112843
311161,62,339776
282966,41,42686
239544,70,763476
343175,51,115218
278216,48,83017
331241,32,16633
259964,47,82407
339306,35,23757
273587,45,64567
-1,-1
-1,-1
-1,-1
-1,-1
-1,-1
-1,-1
-1,-1
-1,-1
-1,-1
-1,-1
243346,1
-1,-1
-1,-1
-1,-1
-1,-1
-1,-1
198547,14
-1,-1
-1,-1
-1,-1
-1,-1
-1,-1
-1,-1
-1,-1
-1,-1
-1,-1
-1,-1
-1,-1
-1,-1
-1,-1
-1,-1
-1,-1
-1,-1
-1,-1
-1,-1
-1,-1
-1,-1
-1,-1
-1,-1
-1,-1
-1,-1
-1,-1
-1,-1
-1,-1
-1,-1
-1,-1
-1,-1
-1,-1
-1,-1
-1,-1
-1,-1
-1,-1
-1,-1
-1,-1
-1,-1
-1,-1
-1,-1
-1,-1
-1,-1
-1,-1
83730,7
-1,-1
-1,-1
-1,-1
140800,50
-1,-1
-1,-1
-1,-1
-1,-1
-1,-1
-1,-1
-1,-1
-1,-1
-1,-1
-1,-1
-1,-1
-1,-1
-1,-1
-1,-1
-1,-1
-1,-1
-1,-1
107903,538
-1,-1
-1,-1
-1,-1
