210087,1329,20778810
174017,70,741325
184903,68,613669
185439,73,1046587
190233,72,982643
204287,66,516799
259705,44,57196
243603,61,330771
369070,50,109468
177514,71,882465
282943,56,187155
262188,66,510412
111499,99,13037079
254540,51,118861
239461,51,112843
242135,62,339776
225503,41,42686
188158,70,763476
267655,51,115218
223210,48,83017
260715,32,16633
193981,47,82407
270332,35,23757
220212,45,64567
-1,-1
-1,-1
-1,-1
-1,-1
-1,-1
-1,-1
-1,-1
-1,-1
-1,-1
-1,-1
201651,1
-1,-1
-1,-1
-1,-1
-1,-1
-1,-1
131534,14
-1,-1
-1,-1
-1,-1
-1,-1
-1,-1
-1,-1
-1,-1
-1,-1
-1,-1
-1,-1
-1,-1
-1,-1
-1,-1
-1,-1
-1,-1
-1,-1
-1,-1
-1,-1
-1,-1
-1,-1
-1,-1
-1,-1
-1,-1
-1,-1
-1,-1
-1,-1
-1,-1
-1,-1
-1,-1
-1,-1
-1,-1
-1,-1
-1,-1
-1,-1
-1,-1
-1,-1
-1,-1
-1,-1
-1,-1
37172,7
-1,-1
-1,-1
-1,-1
99046,50
-1,-1
-1,-1
-1,-1
-1,-1
-1,-1
-1,-1
-1,-1
-1,-1
-1,-1
-1,-1
-1,-1
-1,-1
-1,-1
-1,-1
-1,-1
89585,538
-1,-1
-1,-1
