285976,1330,20778810
242598,70,741325
256641,68,613669
258383,73,1046587
263796,72,982643
274284,66,516799
352272,44,57196
331274,61,330771
475646,50,109468
242256,71,882465
369231,56,187155
337457,66,510412
140347,99,13037079
342916,51,118861
325936,51,112843
335462,62,339776
301803,41,42686
258086,70,763476
369817,51,115218
296718,48,83017
355463,32,16633
281080,47,82407
363234,35,23757
294603,45,64567
-1,1,0
-1,-1
-1,-1
-1,-1
-1,-1
-1,-1
-1,-1
-1,-1
-1,-1
-1,-1
-1,-1
-1,-1
256319,1
-1,-1
-1,-1
-1,-1
-1,-1
-1,-1
219303,14
-1,-1
-1,-1
-1,-1
-1,-1
-1,-1
-1,-1
-1,-1
-1,-1
-1,-1
-1,-1
-1,-1
-1,-1
-1,-1
-1,-1
-1,-1
-1,-1
-1,-1
-1,-1
-1,-1
-1,-1
-1,-1
-1,-1
-1,-1
-1,-1
-1,-1
-1,-1
-1,-1
-1,-1
-1,-1
-1,-1
-1,-1
-1,-1
-1,-1
-1,-1
-1,-1
-1,-1
-1,-1
-1,-1
-1,-1
-1,-1
-1,-1
-1,-1
-1,-1
95211,7
-1,-1
-1,-1
-1,-1
-1,-1
157182,50
-1,-1
-1,-1
-1,-1
-1,-1
-1,-1
-1,-1
-1,-1
-1,-1
-1,-1
-1,-1
-1,-1
-1,-1
-1,-1
-1,-1
-1,-1
-1,-1
-1,-1
114846,538
-1,-1
-1,-1
-1,-1
