222880,1167,16862712
223562,60,277076
252250,48,84651
258757,56,192410
236526,60,283127
214365,60,274258
234439,44,57148
247589,59,248195
387157,45,66890
185982,69,691546
324776,46,69322
305967,57,218576
101012,99,13036619
235750,51,112021
215943,51,112399
336484,47,80685
205538,41,41603
170659,70,762946
255243,50,101511
283751,25,8000
237058,31,15582
176474,45,66021
412649,9,1000
201169,44,61126
-1,-1
-1,-1
-1,-1
-1,-1
-1,-1
-1,-1
-1,-1
-1,-1
-1,-1
-1,-1
-1,-1
-1,-1
-1,-1
-1,-1
-1,-1
-1,-1
106968,11
-1,-1
-1,-1
-1,-1
-1,-1
-1,-1
-1,-1
-1,-1
-1,-1
-1,-1
-1,-1
-1,-1
-1,-1
-1,-1
-1,-1
-1,-1
-1,-1
-1,-1
-1,-1
-1,-1
-1,-1
-1,-1
-1,-1
-1,-1
-1,-1
-1,-1
-1,-1
-1,-1
-1,-1
-1,-1
-1,-1
-1,-1
-1,-1
-1,-1
-1,-1
-1,-1
-1,-1
-1,-1
-1,-1
-1,-1
112286,17
-1,-1
-1,-1
-1,-1
-1,-1
-1,-1
-1,-1
-1,-1
-1,-1
-1,-1
-1,-1
-1,-1
-1,-1
-1,-1
-1,-1
-1,-1
80330,538
-1,-1
-1,-1
