223024,1329,20778810
184892,70,741325
196343,68,613669
196934,73,1046587
202088,72,982643
216051,66,516799
276066,44,57196
258912,61,330771
388225,50,109468
189307,71,882465
298454,56,187155
276194,66,510412
117322,99,13037079
269798,51,118861
254582,51,112843
259000,62,339776
239051,41,42686
200665,70,763476
284311,51,115218
236224,48,83017
276042,32,16633
209308,47,82407
285753,35,23757
233282,45,64567
-1,-1
-1,-1
-1,-1
-1,-1
-1,-1
-1,-1
-1,-1
-1,-1
-1,-1
-1,-1
211692,1
-1,-1
-1,-1
-1,-1
-1,-1
-1,-1
147461,14
-1,-1
-1,-1
-1,-1
-1,-1
-1,-1
-1,-1
-1,-1
-1,-1
-1,-1
-1,-1
-1,-1
-1,-1
-1,-1
-1,-1
-1,-1
-1,-1
-1,-1
-1,-1
-1,-1
-1,-1
-1,-1
-1,-1
-1,-1
-1,-1
-1,-1
-1,-1
-1,-1
-1,-1
-1,-1
-1,-1
-1,-1
-1,-1
-1,-1
-1,-1
-1,-1
-1,-1
-1,-1
-1,-1
-1,-1
-1,-1
-1,-1
49146,7
-1,-1
-1,-1
-1,-1
108285,50
-1,-1
-1,-1
-1,-1
-1,-1
-1,-1
-1,-1
-1,-1
-1,-1
-1,-1
-1,-1
-1,-1
-1,-1
-1,-1
-1,-1
-1,-1
-1,-1
94144,538
-1,-1
-1,-1
