281120,1330,20778810
238405,70,741325
252395,68,613669
254042,73,1046587
259395,72,982643
270089,66,516799
346639,44,57196
325647,61,330771
469218,50,109468
237929,71,882465
363715,56,187155
332821,66,510412
138480,99,13037079
337332,51,118861
320594,51,112843
329595,62,339776
297112,41,42686
253270,70,763476
362919,51,115218
292314,48,83017
349213,32,16633
275769,47,82407
357177,35,23757
289619,45,64567
-1,1,0
-1,-1
-1,-1
-1,-1
-1,-1
-1,-1
-1,-1
-1,-1
-1,-1
-1,-1
-1,-1
-1,-1
253165,1
-1,-1
-1,-1
-1,-1
-1,-1
-1,-1
213953,14
-1,-1
-1,-1
-1,-1
-1,-1
-1,-1
-1,-1
-1,-1
-1,-1
-1,-1
-1,-1
-1,-1
-1,-1
-1,-1
-1,-1
-1,-1
-1,-1
-1,-1
-1,-1
-1,-1
-1,-1
-1,-1
-1,-1
-1,-1
-1,-1
-1,-1
-1,-1
-1,-1
-1,-1
-1,-1
-1,-1
-1,-1
-1,-1
-1,-1
-1,-1
-1,-1
-1,-1
-1,-1
-1,-1
-1,-1
-1,-1
-1,-1
-1,-1
-1,-1
92321,7
-1,-1
-1,-1
-1,-1
-1,-1
153484,50
-1,-1
-1,-1
-1,-1
-1,-1
-1,-1
-1,-1
-1,-1
-1,-1
-1,-1
-1,-1
-1,-1
-1,-1
-1,-1
-1,-1
-1,-1
-1,-1
-1,-1
113174,538
-1,-1
-1,-1
-1,-1
