271308,1329,20778810
230072,70,741325
243902,68,613669
245319,73,1046587
250650,72,982643
262063,66,516799
336369,44,57196
315374,61,330771
457368,50,109468
228697,71,882465
352737,56,187155
323940,66,510412
134991,99,13037079
326526,51,118861
310210,51,112843
317557,62,339776
288512,41,42686
244574,70,763476
350110,51,115218
283665,48,83017
337740,32,16633
265694,47,82407
345794,35,23757
278838,45,64567
-1,-1
-1,-1
-1,-1
-1,-1
-1,-1
-1,-1
-1,-1
-1,-1
-1,-1
-1,-1
-1,-1
247482,1
-1,-1
-1,-1
-1,-1
-1,-1
-1,-1
204063,14
-1,-1
-1,-1
-1,-1
-1,-1
-1,-1
-1,-1
-1,-1
-1,-1
-1,-1
-1,-1
-1,-1
-1,-1
-1,-1
-1,-1
-1,-1
-1,-1
-1,-1
-1,-1
-1,-1
-1,-1
-1,-1
-1,-1
-1,-1
-1,-1
-1,-1
-1,-1
-1,-1
-1,-1
-1,-1
-1,-1
-1,-1
-1,-1
-1,-1
-1,-1
-1,-1
-1,-1
-1,-1
-1,-1
-1,-1
-1,-1
-1,-1
-1,-1
-1,-1
87538,7
-1,-1
-1,-1
-1,-1
144771,50
-1,-1
-1,-1
-1,-1
-1,-1
-1,-1
-1,-1
-1,-1
-1,-1
-1,-1
-1,-1
-1,-1
-1,-1
-1,-1
-1,-1
-1,-1
-1,-1
-1,-1
109396,538
-1,-1
-1,-1
-1,-1
