242858,1329,20778810
202097,70,741325
214248,68,613669
215190,73,1046587
220600,72,982643
234314,66,516799
301287,44,57196
282596,61,330771
417092,50,109468
207016,71,882465
320378,56,187155
296745,66,510412
126044,99,13037079
293625,51,118861
278504,51,112843
284919,62,339776
259734,41,42686
219875,70,763476
310735,51,115218
256443,48,83017
300934,32,16633
232949,47,82407
310319,35,23757
252685,45,64567
-1,-1
-1,-1
-1,-1
-1,-1
-1,-1
-1,-1
-1,-1
-1,-1
-1,-1
-1,-1
227313,1
-1,-1
-1,-1
-1,-1
-1,-1
-1,-1
171548,14
-1,-1
-1,-1
-1,-1
-1,-1
-1,-1
-1,-1
-1,-1
-1,-1
-1,-1
-1,-1
-1,-1
-1,-1
-1,-1
-1,-1
-1,-1
-1,-1
-1,-1
-1,-1
-1,-1
-1,-1
-1,-1
-1,-1
-1,-1
-1,-1
-1,-1
-1,-1
-1,-1
-1,-1
-1,-1
-1,-1
-1,-1
-1,-1
-1,-1
-1,-1
-1,-1
-1,-1
-1,-1
-1,-1
-1,-1
-1,-1
-1,-1
-1,-1
66295,7
-1,-1
-1,-1
-1,-1
122776,50
-1,-1
-1,-1
-1,-1
-1,-1
-1,-1
-1,-1
-1,-1
-1,-1
-1,-1
-1,-1
-1,-1
-1,-1
-1,-1
-1,-1
-1,-1
-1,-1
-1,-1
101031,538
-1,-1
-1,-1
-1,-1
