221400,1232,18398500
235922,60,277096
193866,61,331123
186850,71,860627
211023,67,587188
225872,60,274467
248083,44,57171
259275,59,252028
400841,46,71450
170708,71,871526
271135,56,187116
322575,57,218576
107610,99,13036619
248340,51,113476
229563,51,112399
356499,47,80685
216545,41,42013
180397,70,762950
270424,50,101511
293380,26,9000
249470,32,16631
191279,45,66021
278905,23,6600
212564,45,62227
-1,-1
-1,-1
-1,-1
-1,-1
-1,-1
-1,-1
-1,-1
-1,-1
-1,-1
-1,-1
-1,-1
-1,-1
-1,-1
-1,-1
-1,-1
-1,-1
123845,11
-1,-1
-1,-1
-1,-1
-1,-1
-1,-1
-1,-1
-1,-1
-1,-1
-1,-1
-1,-1
-1,-1
-1,-1
-1,-1
-1,-1
-1,-1
-1,-1
-1,-1
-1,-1
-1,-1
-1,-1
-1,-1
-1,-1
-1,-1
-1,-1
-1,-1
-1,-1
-1,-1
-1,-1
-1,-1
-1,-1
-1,-1
-1,-1
-1,-1
-1,-1
-1,-1
-1,-1
-1,-1
-1,-1
-1,-1
-1,-1
-1,-1
-1,-1
-1,-1
128224,17
-1,-1
-1,-1
-1,-1
-1,-1
-1,-1
-1,-1
-1,-1
-1,-1
-1,-1
-1,-1
-1,-1
-1,-1
-1,-1
-1,-1
-1,-1
85660,538
-1,-1
-1,-1
