221422,1232,18398500
235939,60,277096
193879,61,331123
186864,71,860627
211043,67,587188
225893,60,274467
248105,44,57171
259310,59,252028
400877,46,71450
170729,71,871526
271159,56,187116
322594,57,218576
107620,99,13036619
248357,51,113476
229589,51,112399
356522,47,80685
216565,41,42013
180419,70,762950
270462,50,101511
293421,26,9000
249500,32,16631
191304,45,66021
278941,23,6600
212585,45,62227
-1,-1
-1,-1
-1,-1
-1,-1
-1,-1
-1,-1
-1,-1
-1,-1
-1,-1
-1,-1
-1,-1
-1,-1
-1,-1
-1,-1
-1,-1
-1,-1
123863,11
-1,-1
-1,-1
-1,-1
-1,-1
-1,-1
-1,-1
-1,-1
-1,-1
-1,-1
-1,-1
-1,-1
-1,-1
-1,-1
-1,-1
-1,-1
-1,-1
-1,-1
-1,-1
-1,-1
-1,-1
-1,-1
-1,-1
-1,-1
-1,-1
-1,-1
-1,-1
-1,-1
-1,-1
-1,-1
-1,-1
-1,-1
-1,-1
-1,-1
-1,-1
-1,-1
-1,-1
-1,-1
-1,-1
-1,-1
-1,-1
-1,-1
-1,-1
-1,-1
128243,17
-1,-1
-1,-1
-1,-1
-1,-1
-1,-1
-1,-1
-1,-1
-1,-1
-1,-1
-1,-1
-1,-1
-1,-1
-1,-1
-1,-1
-1,-1
85669,538
-1,-1
-1,-1
