210155,1329,20778810
174073,70,741325
184964,68,613669
185492,73,1046587
190285,72,982643
204350,66,516799
259799,44,57196
243664,61,330771
369132,50,109468
177567,71,882465
283025,56,187155
262278,66,510412
111533,99,13037079
254613,51,118861
239536,51,112843
242203,62,339776
225559,41,42686
188207,70,763476
267705,51,115218
223255,48,83017
260775,32,16633
194042,47,82407
270391,35,23757
220285,45,64567
-1,-1
-1,-1
-1,-1
-1,-1
-1,-1
-1,-1
-1,-1
-1,-1
-1,-1
-1,-1
201698,1
-1,-1
-1,-1
-1,-1
-1,-1
-1,-1
131594,14
-1,-1
-1,-1
-1,-1
-1,-1
-1,-1
-1,-1
-1,-1
-1,-1
-1,-1
-1,-1
-1,-1
-1,-1
-1,-1
-1,-1
-1,-1
-1,-1
-1,-1
-1,-1
-1,-1
-1,-1
-1,-1
-1,-1
-1,-1
-1,-1
-1,-1
-1,-1
-1,-1
-1,-1
-1,-1
-1,-1
-1,-1
-1,-1
-1,-1
-1,-1
-1,-1
-1,-1
-1,-1
-1,-1
-1,-1
37258,7
-1,-1
-1,-1
-1,-1
99084,50
-1,-1
-1,-1
-1,-1
-1,-1
-1,-1
-1,-1
-1,-1
-1,-1
-1,-1
-1,-1
-1,-1
-1,-1
-1,-1
-1,-1
-1,-1
89598,538
-1,-1
-1,-1
