244653,1019,15517759
283306,46,71225
258238,45,62563
310019,46,71800
349318,40,40330
338811,28,12012
251258,43,51379
340740,45,66896
372975,45,65228
175213,69,684916
310884,45,67929
293240,57,214302
98339,99,13034979
290376,41,44729
251622,44,56621
333660,45,66365
215133,35,23928
172488,70,740592
289179,42,49682
277265,23,7000
225829,31,15370
227523,27,10787
403142,9,1000
192859,44,58126
-1,-1
-1,-1
-1,-1
-1,-1
-1,-1
-1,-1
-1,-1
-1,-1
-1,-1
-1,-1
-1,-1
-1,-1
-1,-1
-1,-1
-1,-1
-1,-1
-1,-1
-1,-1
-1,-1
-1,-1
-1,-1
-1,-1
-1,-1
-1,-1
-1,-1
-1,-1
-1,-1
-1,-1
-1,-1
-1,-1
-1,-1
-1,-1
-1,-1
-1,-1
-1,-1
-1,-1
-1,-1
-1,-1
-1,-1
-1,-1
-1,-1
-1,-1
-1,-1
-1,-1
-1,-1
-1,-1
-1,-1
-1,-1
-1,-1
-1,-1
-1,-1
-1,-1
-1,-1
-1,-1
96567,17
-1,-1
-1,-1
-1,-1
-1,-1
-1,-1
-1,-1
-1,-1
-1,-1
-1,-1
-1,-1
-1,-1
-1,-1
75089,538
-1,-1
-1,-1
