216548,1329,20778810
179350,70,741325
190583,68,613669
191034,73,1046587
196086,72,982643
210168,66,516799
268282,44,57196
251370,61,330771
379020,50,109468
183465,71,882465
290920,56,187155
269420,66,510412
114454,99,13037079
262127,51,118861
247206,51,112843
250662,62,339776
232528,41,42686
194055,70,763476
276026,51,115218
229746,48,83017
268675,32,16633
201812,47,82407
278293,35,23757
226928,45,64567
-1,-1
-1,-1
-1,-1
-1,-1
-1,-1
-1,-1
-1,-1
-1,-1
-1,-1
-1,-1
206584,1
-1,-1
-1,-1
-1,-1
-1,-1
-1,-1
139790,14
-1,-1
-1,-1
-1,-1
-1,-1
-1,-1
-1,-1
-1,-1
-1,-1
-1,-1
-1,-1
-1,-1
-1,-1
-1,-1
-1,-1
-1,-1
-1,-1
-1,-1
-1,-1
-1,-1
-1,-1
-1,-1
-1,-1
-1,-1
-1,-1
-1,-1
-1,-1
-1,-1
-1,-1
-1,-1
-1,-1
-1,-1
-1,-1
-1,-1
-1,-1
-1,-1
-1,-1
-1,-1
-1,-1
-1,-1
43594,7
-1,-1
-1,-1
-1,-1
103664,50
-1,-1
-1,-1
-1,-1
-1,-1
-1,-1
-1,-1
-1,-1
-1,-1
-1,-1
-1,-1
-1,-1
-1,-1
-1,-1
-1,-1
-1,-1
91842,538
-1,-1
-1,-1
