250721,1329,20778810
208980,70,741325
221417,68,613669
222059,73,1046587
227627,72,982643
241059,66,516799
312025,44,57196
292139,61,330771
430049,50,109468
213354,71,882465
329193,56,187155
305101,66,510412
129291,99,13037079
303548,51,118861
288031,51,112843
294997,62,339776
268204,41,42686
227785,70,763476
322945,51,115218
264549,48,83017
312067,32,16633
242970,47,82407
321072,35,23757
260204,45,64567
-1,-1
-1,-1
-1,-1
-1,-1
-1,-1
-1,-1
-1,-1
-1,-1
-1,-1
-1,-1
233515,1
-1,-1
-1,-1
-1,-1
-1,-1
-1,-1
181742,14
-1,-1
-1,-1
-1,-1
-1,-1
-1,-1
-1,-1
-1,-1
-1,-1
-1,-1
-1,-1
-1,-1
-1,-1
-1,-1
-1,-1
-1,-1
-1,-1
-1,-1
-1,-1
-1,-1
-1,-1
-1,-1
-1,-1
-1,-1
-1,-1
-1,-1
-1,-1
-1,-1
-1,-1
-1,-1
-1,-1
-1,-1
-1,-1
-1,-1
-1,-1
-1,-1
-1,-1
-1,-1
-1,-1
-1,-1
-1,-1
-1,-1
-1,-1
73638,7
-1,-1
-1,-1
-1,-1
129629,50
-1,-1
-1,-1
-1,-1
-1,-1
-1,-1
-1,-1
-1,-1
-1,-1
-1,-1
-1,-1
-1,-1
-1,-1
-1,-1
-1,-1
-1,-1
-1,-1
-1,-1
104044,538
-1,-1
-1,-1
-1,-1
