281245,1330,20778810
238510,70,741325
252538,68,613669
254166,73,1046587
259496,72,982643
270204,66,516799
346765,44,57196
325789,61,330771
469404,50,109468
238033,71,882465
363869,56,187155
332917,66,510412
138522,99,13037079
337468,51,118861
320722,51,112843
329739,62,339776
297231,41,42686
253382,70,763476
363081,51,115218
292442,48,83017
349337,32,16633
275874,47,82407
357314,35,23757
289774,45,64567
-1,1,0
-1,-1
-1,-1
-1,-1
-1,-1
-1,-1
-1,-1
-1,-1
-1,-1
-1,-1
-1,-1
-1,-1
253229,1
-1,-1
-1,-1
-1,-1
-1,-1
-1,-1
214079,14
-1,-1
-1,-1
-1,-1
-1,-1
-1,-1
-1,-1
-1,-1
-1,-1
-1,-1
-1,-1
-1,-1
-1,-1
-1,-1
-1,-1
-1,-1
-1,-1
-1,-1
-1,-1
-1,-1
-1,-1
-1,-1
-1,-1
-1,-1
-1,-1
-1,-1
-1,-1
-1,-1
-1,-1
-1,-1
-1,-1
-1,-1
-1,-1
-1,-1
-1,-1
-1,-1
-1,-1
-1,-1
-1,-1
-1,-1
-1,-1
-1,-1
-1,-1
-1,-1
92373,7
-1,-1
-1,-1
-1,-1
-1,-1
153584,50
-1,-1
-1,-1
-1,-1
-1,-1
-1,-1
-1,-1
-1,-1
-1,-1
-1,-1
-1,-1
-1,-1
-1,-1
-1,-1
-1,-1
-1,-1
-1,-1
-1,-1
113206,538
-1,-1
-1,-1
-1,-1
