281227,1330,20778810
238493,70,741325
252515,68,613669
254146,73,1046587
259487,72,982643
270190,66,516799
346745,44,57196
325772,61,330771
469382,50,109468
238024,71,882465
363850,56,187155
332902,66,510412
138503,99,13037079
337447,51,118861
320705,51,112843
329725,62,339776
297211,41,42686
253368,70,763476
363051,51,115218
292422,48,83017
349320,32,16633
275862,47,82407
357290,35,23757
289741,45,64567
-1,1,0
-1,-1
-1,-1
-1,-1
-1,-1
-1,-1
-1,-1
-1,-1
-1,-1
-1,-1
-1,-1
-1,-1
253221,1
-1,-1
-1,-1
-1,-1
-1,-1
-1,-1
214062,14
-1,-1
-1,-1
-1,-1
-1,-1
-1,-1
-1,-1
-1,-1
-1,-1
-1,-1
-1,-1
-1,-1
-1,-1
-1,-1
-1,-1
-1,-1
-1,-1
-1,-1
-1,-1
-1,-1
-1,-1
-1,-1
-1,-1
-1,-1
-1,-1
-1,-1
-1,-1
-1,-1
-1,-1
-1,-1
-1,-1
-1,-1
-1,-1
-1,-1
-1,-1
-1,-1
-1,-1
-1,-1
-1,-1
-1,-1
-1,-1
-1,-1
-1,-1
-1,-1
92366,7
-1,-1
-1,-1
-1,-1
-1,-1
153568,50
-1,-1
-1,-1
-1,-1
-1,-1
-1,-1
-1,-1
-1,-1
-1,-1
-1,-1
-1,-1
-1,-1
-1,-1
-1,-1
-1,-1
-1,-1
-1,-1
-1,-1
113198,538
-1,-1
-1,-1
-1,-1
