214816,1167,16855976
216013,60,277076
243945,48,84651
251439,56,187354
228944,60,281447
207083,60,274258
226174,44,57148
238947,59,248195
374790,45,66890
178248,69,691546
313311,46,69322
295472,57,218576
96479,99,13036619
226157,51,112021
207451,51,112399
323465,47,80685
198174,41,41603
163702,70,762946
245797,50,101511
274756,25,8000
228420,31,15582
166209,45,66021
405176,9,1000
193283,44,61126
-1,-1
-1,-1
-1,-1
-1,-1
-1,-1
-1,-1
-1,-1
-1,-1
-1,-1
-1,-1
-1,-1
-1,-1
-1,-1
-1,-1
-1,-1
94960,11
-1,-1
-1,-1
-1,-1
-1,-1
-1,-1
-1,-1
-1,-1
-1,-1
-1,-1
-1,-1
-1,-1
-1,-1
-1,-1
-1,-1
-1,-1
-1,-1
-1,-1
-1,-1
-1,-1
-1,-1
-1,-1
-1,-1
-1,-1
-1,-1
-1,-1
-1,-1
-1,-1
-1,-1
-1,-1
-1,-1
-1,-1
-1,-1
-1,-1
-1,-1
-1,-1
-1,-1
-1,-1
-1,-1
100950,17
-1,-1
-1,-1
-1,-1
-1,-1
-1,-1
-1,-1
-1,-1
-1,-1
-1,-1
-1,-1
-1,-1
-1,-1
76452,538
-1,-1
-1,-1
