231270,1329,20778810
191778,70,741325
203512,68,613669
204359,73,1046587
209603,72,982643
223597,66,516799
286208,44,57196
268574,61,330771
400002,50,109468
196825,71,882465
307692,56,187155
284635,66,510412
121169,99,13037079
279377,51,118861
264142,51,112843
269520,62,339776
247397,41,42686
208556,70,763476
294586,51,115218
244528,48,83017
285578,32,16633
219210,47,82407
295134,35,23757
241182,45,64567
-1,-1
-1,-1
-1,-1
-1,-1
-1,-1
-1,-1
-1,-1
-1,-1
-1,-1
-1,-1
217913,1
-1,-1
-1,-1
-1,-1
-1,-1
-1,-1
157757,14
-1,-1
-1,-1
-1,-1
-1,-1
-1,-1
-1,-1
-1,-1
-1,-1
-1,-1
-1,-1
-1,-1
-1,-1
-1,-1
-1,-1
-1,-1
-1,-1
-1,-1
-1,-1
-1,-1
-1,-1
-1,-1
-1,-1
-1,-1
-1,-1
-1,-1
-1,-1
-1,-1
-1,-1
-1,-1
-1,-1
-1,-1
-1,-1
-1,-1
-1,-1
-1,-1
-1,-1
-1,-1
-1,-1
-1,-1
-1,-1
-1,-1
55961,7
-1,-1
-1,-1
-1,-1
113820,50
-1,-1
-1,-1
-1,-1
-1,-1
-1,-1
-1,-1
-1,-1
-1,-1
-1,-1
-1,-1
-1,-1
-1,-1
-1,-1
-1,-1
-1,-1
-1,-1
97208,538
-1,-1
-1,-1
