220352,1167,16862712
221171,60,277076
249699,48,84651
256202,56,192410
234124,60,283127
212090,60,274258
231902,44,57148
244889,59,248195
383256,45,66890
183608,69,691546
321212,46,69322
302670,57,218576
99679,99,13036619
232296,51,112021
213169,51,112399
331842,47,80685
203247,41,41603
168565,70,762946
252314,50,101511
280963,25,8000
234362,31,15582
173147,45,66021
410312,9,1000
198625,44,61126
-1,-1
-1,-1
-1,-1
-1,-1
-1,-1
-1,-1
-1,-1
-1,-1
-1,-1
-1,-1
-1,-1
-1,-1
-1,-1
-1,-1
-1,-1
-1,-1
103107,11
-1,-1
-1,-1
-1,-1
-1,-1
-1,-1
-1,-1
-1,-1
-1,-1
-1,-1
-1,-1
-1,-1
-1,-1
-1,-1
-1,-1
-1,-1
-1,-1
-1,-1
-1,-1
-1,-1
-1,-1
-1,-1
-1,-1
-1,-1
-1,-1
-1,-1
-1,-1
-1,-1
-1,-1
-1,-1
-1,-1
-1,-1
-1,-1
-1,-1
-1,-1
-1,-1
-1,-1
-1,-1
-1,-1
-1,-1
108894,17
-1,-1
-1,-1
-1,-1
-1,-1
-1,-1
-1,-1
-1,-1
-1,-1
-1,-1
-1,-1
-1,-1
-1,-1
-1,-1
-1,-1
-1,-1
79168,538
-1,-1
-1,-1
