223257,1210,18105829
232900,60,277096
191571,61,330551
190430,70,789202
210786,67,563188
223248,60,274258
244716,44,57171
257844,59,248273
401542,45,67890
192209,69,721904
282628,54,156203
318796,57,218576
106175,99,13036619
245512,51,113021
226138,51,112399
351617,47,80685
214267,41,41603
178230,70,762950
266878,50,101511
294843,25,8000
246185,32,16582
187792,45,66021
424333,9,1000
210776,44,61126
-1,-1
-1,-1
-1,-1
-1,-1
-1,-1
-1,-1
-1,-1
-1,-1
-1,-1
-1,-1
-1,-1
-1,-1
-1,-1
-1,-1
-1,-1
-1,-1
120099,11
-1,-1
-1,-1
-1,-1
-1,-1
-1,-1
-1,-1
-1,-1
-1,-1
-1,-1
-1,-1
-1,-1
-1,-1
-1,-1
-1,-1
-1,-1
-1,-1
-1,-1
-1,-1
-1,-1
-1,-1
-1,-1
-1,-1
-1,-1
-1,-1
-1,-1
-1,-1
-1,-1
-1,-1
-1,-1
-1,-1
-1,-1
-1,-1
-1,-1
-1,-1
-1,-1
-1,-1
-1,-1
-1,-1
-1,-1
-1,-1
124830,17
-1,-1
-1,-1
-1,-1
-1,-1
-1,-1
-1,-1
-1,-1
-1,-1
-1,-1
-1,-1
-1,-1
-1,-1
-1,-1
-1,-1
-1,-1
84516,538
-1,-1
-1,-1
