286202,1330,20778810
242831,70,741325
256893,68,613669
258642,73,1046587
264023,72,982643
274503,66,516799
352481,44,57196
331480,61,330771
475921,50,109468
242489,71,882465
369426,56,187155
337649,66,510412
140390,99,13037079
343083,51,118861
326173,51,112843
335710,62,339776
301991,41,42686
258246,70,763476
370064,51,115218
296903,48,83017
355696,32,16633
281211,47,82407
363539,35,23757
294786,45,64567
-1,1,0
-1,-1
-1,-1
-1,-1
-1,-1
-1,-1
-1,-1
-1,-1
-1,-1
-1,-1
-1,-1
-1,-1
256474,1
-1,-1
-1,-1
-1,-1
-1,-1
-1,-1
219458,14
-1,-1
-1,-1
-1,-1
-1,-1
-1,-1
-1,-1
-1,-1
-1,-1
-1,-1
-1,-1
-1,-1
-1,-1
-1,-1
-1,-1
-1,-1
-1,-1
-1,-1
-1,-1
-1,-1
-1,-1
-1,-1
-1,-1
-1,-1
-1,-1
-1,-1
-1,-1
-1,-1
-1,-1
-1,-1
-1,-1
-1,-1
-1,-1
-1,-1
-1,-1
-1,-1
-1,-1
-1,-1
-1,-1
-1,-1
-1,-1
-1,-1
-1,-1
-1,-1
95391,7
-1,-1
-1,-1
-1,-1
-1,-1
157347,50
-1,-1
-1,-1
-1,-1
-1,-1
-1,-1
-1,-1
-1,-1
-1,-1
-1,-1
-1,-1
-1,-1
-1,-1
-1,-1
-1,-1
-1,-1
-1,-1
-1,-1
114865,538
-1,-1
-1,-1
-1,-1
