220653,1210,18105829
230101,60,277096
189319,61,330551
188000,70,789202
208277,67,563188
220683,60,274258
241689,44,57171
254996,59,248273
397037,45,67890
189570,69,721904
279345,54,156203
315276,57,218576
104800,99,13036619
242581,51,113021
223294,51,112399
347368,47,80685
211847,41,41603
176248,70,762950
263583,50,101511
291607,25,8000
243271,32,16582
184802,45,66021
421078,9,1000
208106,44,61126
-1,-1
-1,-1
-1,-1
-1,-1
-1,-1
-1,-1
-1,-1
-1,-1
-1,-1
-1,-1
-1,-1
-1,-1
-1,-1
-1,-1
-1,-1
-1,-1
116709,11
-1,-1
-1,-1
-1,-1
-1,-1
-1,-1
-1,-1
-1,-1
-1,-1
-1,-1
-1,-1
-1,-1
-1,-1
-1,-1
-1,-1
-1,-1
-1,-1
-1,-1
-1,-1
-1,-1
-1,-1
-1,-1
-1,-1
-1,-1
-1,-1
-1,-1
-1,-1
-1,-1
-1,-1
-1,-1
-1,-1
-1,-1
-1,-1
-1,-1
-1,-1
-1,-1
-1,-1
-1,-1
-1,-1
-1,-1
121687,17
-1,-1
-1,-1
-1,-1
-1,-1
-1,-1
-1,-1
-1,-1
-1,-1
-1,-1
-1,-1
-1,-1
-1,-1
-1,-1
-1,-1
-1,-1
83395,538
-1,-1
-1,-1
