290100,1330,20778810
246751,70,741325
260847,68,613669
262556,73,1046587
268082,72,982643
278387,66,516799
357182,44,57196
335810,61,330771
480581,50,109468
246164,71,882465
372555,56,187155
341203,66,510412
140645,99,13037079
346852,51,118861
330733,51,112843
340044,62,339776
305845,41,42686
261121,70,763476
374152,51,115218
301087,48,83017
359454,32,16633
284594,47,82407
367323,35,23757
298230,45,64567
-1,1,0
-1,-1
-1,-1
-1,-1
-1,-1
-1,-1
-1,-1
-1,-1
-1,-1
-1,-1
-1,-1
-1,-1
259654,1
-1,-1
-1,-1
-1,-1
-1,-1
-1,-1
222851,14
-1,-1
-1,-1
-1,-1
-1,-1
-1,-1
-1,-1
-1,-1
-1,-1
-1,-1
-1,-1
-1,-1
-1,-1
-1,-1
-1,-1
-1,-1
-1,-1
-1,-1
-1,-1
-1,-1
-1,-1
-1,-1
-1,-1
-1,-1
-1,-1
-1,-1
-1,-1
-1,-1
-1,-1
-1,-1
-1,-1
-1,-1
-1,-1
-1,-1
-1,-1
-1,-1
-1,-1
-1,-1
-1,-1
-1,-1
-1,-1
-1,-1
-1,-1
-1,-1
98225,7
-1,-1
-1,-1
-1,-1
-1,-1
160208,50
-1,-1
-1,-1
-1,-1
-1,-1
-1,-1
-1,-1
-1,-1
-1,-1
-1,-1
-1,-1
-1,-1
-1,-1
-1,-1
-1,-1
-1,-1
-1,-1
-1,-1
114460,538
-1,-1
-1,-1
-1,-1
