214796,1167,16855976
215996,60,277076
243930,48,84651
251422,56,187354
228929,60,281447
207070,60,274258
226152,44,57148
238929,59,248195
374772,45,66890
178229,69,691546
313265,46,69322
295444,57,218576
96467,99,13036619
226132,51,112021
207436,51,112399
323436,47,80685
198159,41,41603
163690,70,762946
245771,50,101511
274738,25,8000
228398,31,15582
166192,45,66021
405154,9,1000
193272,44,61126
-1,-1
-1,-1
-1,-1
-1,-1
-1,-1
-1,-1
-1,-1
-1,-1
-1,-1
-1,-1
-1,-1
-1,-1
-1,-1
-1,-1
-1,-1
94946,11
-1,-1
-1,-1
-1,-1
-1,-1
-1,-1
-1,-1
-1,-1
-1,-1
-1,-1
-1,-1
-1,-1
-1,-1
-1,-1
-1,-1
-1,-1
-1,-1
-1,-1
-1,-1
-1,-1
-1,-1
-1,-1
-1,-1
-1,-1
-1,-1
-1,-1
-1,-1
-1,-1
-1,-1
-1,-1
-1,-1
-1,-1
-1,-1
-1,-1
-1,-1
-1,-1
-1,-1
-1,-1
-1,-1
100922,17
-1,-1
-1,-1
-1,-1
-1,-1
-1,-1
-1,-1
-1,-1
-1,-1
-1,-1
-1,-1
-1,-1
-1,-1
76450,538
-1,-1
-1,-1
