220575,1210,18105829
230039,60,277096
189273,61,330551
187951,70,789202
208231,67,563188
220634,60,274258
241620,44,57171
254918,59,248273
396963,45,67890
189508,69,721904
279290,54,156203
315192,57,218576
104786,99,13036619
242515,51,113021
223225,51,112399
347295,47,80685
211786,41,41603
176181,70,762950
263529,50,101511
291518,25,8000
243203,32,16582
184718,45,66021
421024,9,1000
208040,44,61126
-1,-1
-1,-1
-1,-1
-1,-1
-1,-1
-1,-1
-1,-1
-1,-1
-1,-1
-1,-1
-1,-1
-1,-1
-1,-1
-1,-1
-1,-1
-1,-1
116618,11
-1,-1
-1,-1
-1,-1
-1,-1
-1,-1
-1,-1
-1,-1
-1,-1
-1,-1
-1,-1
-1,-1
-1,-1
-1,-1
-1,-1
-1,-1
-1,-1
-1,-1
-1,-1
-1,-1
-1,-1
-1,-1
-1,-1
-1,-1
-1,-1
-1,-1
-1,-1
-1,-1
-1,-1
-1,-1
-1,-1
-1,-1
-1,-1
-1,-1
-1,-1
-1,-1
-1,-1
-1,-1
-1,-1
-1,-1
121572,17
-1,-1
-1,-1
-1,-1
-1,-1
-1,-1
-1,-1
-1,-1
-1,-1
-1,-1
-1,-1
-1,-1
-1,-1
-1,-1
-1,-1
-1,-1
83373,538
-1,-1
-1,-1
