236547,1329,20778810
196489,70,741325
208361,68,613669
209421,73,1046587
214639,72,982643
228557,66,516799
293048,44,57196
274955,61,330771
407814,50,109468
201686,71,882465
313597,56,187155
290297,66,510412
123446,99,13037079
285824,51,118861
270649,51,112843
276476,62,339776
253070,41,42686
213555,70,763476
301950,51,115218
249998,48,83017
292317,32,16633
225600,47,82407
301917,35,23757
246448,45,64567
-1,-1
-1,-1
-1,-1
-1,-1
-1,-1
-1,-1
-1,-1
-1,-1
-1,-1
-1,-1
222258,1
-1,-1
-1,-1
-1,-1
-1,-1
-1,-1
164216,14
-1,-1
-1,-1
-1,-1
-1,-1
-1,-1
-1,-1
-1,-1
-1,-1
-1,-1
-1,-1
-1,-1
-1,-1
-1,-1
-1,-1
-1,-1
-1,-1
-1,-1
-1,-1
-1,-1
-1,-1
-1,-1
-1,-1
-1,-1
-1,-1
-1,-1
-1,-1
-1,-1
-1,-1
-1,-1
-1,-1
-1,-1
-1,-1
-1,-1
-1,-1
-1,-1
-1,-1
-1,-1
-1,-1
-1,-1
-1,-1
-1,-1
-1,-1
60546,7
-1,-1
-1,-1
-1,-1
117819,50
-1,-1
-1,-1
-1,-1
-1,-1
-1,-1
-1,-1
-1,-1
-1,-1
-1,-1
-1,-1
-1,-1
-1,-1
-1,-1
-1,-1
-1,-1
-1,-1
-1,-1
98976,538
-1,-1
-1,-1
