210323,1329,20778810
174236,70,741325
185121,68,613669
185651,73,1046587
190439,72,982643
204534,66,516799
260008,44,57196
243867,61,330771
369376,50,109468
177716,71,882465
283298,56,187155
262476,66,510412
111611,99,13037079
254799,51,118861
239715,51,112843
242436,62,339776
225737,41,42686
188360,70,763476
267924,51,115218
223414,48,83017
260988,32,16633
194237,47,82407
270576,35,23757
220449,45,64567
-1,-1
-1,-1
-1,-1
-1,-1
-1,-1
-1,-1
-1,-1
-1,-1
-1,-1
-1,-1
201807,1
-1,-1
-1,-1
-1,-1
-1,-1
-1,-1
131801,14
-1,-1
-1,-1
-1,-1
-1,-1
-1,-1
-1,-1
-1,-1
-1,-1
-1,-1
-1,-1
-1,-1
-1,-1
-1,-1
-1,-1
-1,-1
-1,-1
-1,-1
-1,-1
-1,-1
-1,-1
-1,-1
-1,-1
-1,-1
-1,-1
-1,-1
-1,-1
-1,-1
-1,-1
-1,-1
-1,-1
-1,-1
-1,-1
-1,-1
-1,-1
-1,-1
-1,-1
-1,-1
-1,-1
-1,-1
37448,7
-1,-1
-1,-1
-1,-1
99178,50
-1,-1
-1,-1
-1,-1
-1,-1
-1,-1
-1,-1
-1,-1
-1,-1
-1,-1
-1,-1
-1,-1
-1,-1
-1,-1
-1,-1
-1,-1
89673,538
-1,-1
-1,-1
