204043,1329,20778810
168902,70,741325
179598,68,613669
180179,73,1046587
184810,72,982643
198767,66,516799
252437,44,57196
236665,61,330771
360676,50,109468
172079,71,882465
275397,56,187155
256008,66,510412
108272,99,13037079
247796,51,118861
232787,51,112843
234096,62,339776
219390,41,42686
182883,70,763476
260175,51,115218
217156,48,83017
253675,32,16633
186931,47,82407
263125,35,23757
213972,45,64567
-1,-1
-1,-1
-1,-1
-1,-1
-1,-1
-1,-1
-1,-1
-1,-1
-1,-1
-1,-1
197411,1
-1,-1
-1,-1
-1,-1
-1,-1
-1,-1
124135,14
-1,-1
-1,-1
-1,-1
-1,-1
-1,-1
-1,-1
-1,-1
-1,-1
-1,-1
-1,-1
-1,-1
-1,-1
-1,-1
-1,-1
-1,-1
-1,-1
-1,-1
-1,-1
-1,-1
-1,-1
-1,-1
-1,-1
-1,-1
-1,-1
-1,-1
-1,-1
-1,-1
-1,-1
-1,-1
-1,-1
-1,-1
-1,-1
-1,-1
-1,-1
-1,-1
-1,-1
-1,-1
-1,-1
-1,-1
30898,7
-1,-1
-1,-1
-1,-1
94758,50
-1,-1
-1,-1
-1,-1
-1,-1
-1,-1
-1,-1
-1,-1
-1,-1
-1,-1
-1,-1
-1,-1
-1,-1
-1,-1
-1,-1
-1,-1
86979,538
-1,-1
-1,-1
