242961,1329,20778810
202195,70,741325
214339,68,613669
215271,73,1046587
220695,72,982643
234406,66,516799
301406,44,57196
282716,61,330771
417243,50,109468
207110,71,882465
320514,56,187155
296860,66,510412
126097,99,13037079
293738,51,118861
278622,51,112843
285057,62,339776
259863,41,42686
219989,70,763476
310895,51,115218
256558,48,83017
301094,32,16633
233065,47,82407
310469,35,23757
252813,45,64567
-1,-1
-1,-1
-1,-1
-1,-1
-1,-1
-1,-1
-1,-1
-1,-1
-1,-1
-1,-1
227389,1
-1,-1
-1,-1
-1,-1
-1,-1
-1,-1
171674,14
-1,-1
-1,-1
-1,-1
-1,-1
-1,-1
-1,-1
-1,-1
-1,-1
-1,-1
-1,-1
-1,-1
-1,-1
-1,-1
-1,-1
-1,-1
-1,-1
-1,-1
-1,-1
-1,-1
-1,-1
-1,-1
-1,-1
-1,-1
-1,-1
-1,-1
-1,-1
-1,-1
-1,-1
-1,-1
-1,-1
-1,-1
-1,-1
-1,-1
-1,-1
-1,-1
-1,-1
-1,-1
-1,-1
-1,-1
-1,-1
-1,-1
-1,-1
66367,7
-1,-1
-1,-1
-1,-1
122890,50
-1,-1
-1,-1
-1,-1
-1,-1
-1,-1
-1,-1
-1,-1
-1,-1
-1,-1
-1,-1
-1,-1
-1,-1
-1,-1
-1,-1
-1,-1
-1,-1
-1,-1
101066,538
-1,-1
-1,-1
-1,-1
