226769,1329,20778810
187981,70,741325
199557,68,613669
200220,73,1046587
205345,72,982643
219406,66,516799
280663,44,57196
263282,61,330771
393352,50,109468
192566,71,882465
302590,56,187155
279763,66,510412
119155,99,13037079
274068,51,118861
258701,51,112843
263509,62,339776
242832,41,42686
204102,70,763476
288926,51,115218
239962,48,83017
280318,32,16633
213669,47,82407
289972,35,23757
236848,45,64567
-1,-1
-1,-1
-1,-1
-1,-1
-1,-1
-1,-1
-1,-1
-1,-1
-1,-1
-1,-1
214490,1
-1,-1
-1,-1
-1,-1
-1,-1
-1,-1
152042,14
-1,-1
-1,-1
-1,-1
-1,-1
-1,-1
-1,-1
-1,-1
-1,-1
-1,-1
-1,-1
-1,-1
-1,-1
-1,-1
-1,-1
-1,-1
-1,-1
-1,-1
-1,-1
-1,-1
-1,-1
-1,-1
-1,-1
-1,-1
-1,-1
-1,-1
-1,-1
-1,-1
-1,-1
-1,-1
-1,-1
-1,-1
-1,-1
-1,-1
-1,-1
-1,-1
-1,-1
-1,-1
-1,-1
-1,-1
-1,-1
-1,-1
52260,7
-1,-1
-1,-1
-1,-1
110778,50
-1,-1
-1,-1
-1,-1
-1,-1
-1,-1
-1,-1
-1,-1
-1,-1
-1,-1
-1,-1
-1,-1
-1,-1
-1,-1
-1,-1
-1,-1
-1,-1
95623,538
-1,-1
-1,-1
