246892,1329,20778810
205575,70,741325
217878,68,613669
218782,73,1046587
224251,72,982643
237794,66,516799
306367,44,57196
287260,61,330771
422892,50,109468
210317,71,882465
324756,56,187155
300823,66,510412
127682,99,13037079
298558,51,118861
283190,51,112843
289915,62,339776
263873,41,42686
223907,70,763476
316510,51,115218
260454,48,83017
306148,32,16633
237742,47,82407
315491,35,23757
256504,45,64567
-1,-1
-1,-1
-1,-1
-1,-1
-1,-1
-1,-1
-1,-1
-1,-1
-1,-1
-1,-1
230265,1
-1,-1
-1,-1
-1,-1
-1,-1
-1,-1
176435,14
-1,-1
-1,-1
-1,-1
-1,-1
-1,-1
-1,-1
-1,-1
-1,-1
-1,-1
-1,-1
-1,-1
-1,-1
-1,-1
-1,-1
-1,-1
-1,-1
-1,-1
-1,-1
-1,-1
-1,-1
-1,-1
-1,-1
-1,-1
-1,-1
-1,-1
-1,-1
-1,-1
-1,-1
-1,-1
-1,-1
-1,-1
-1,-1
-1,-1
-1,-1
-1,-1
-1,-1
-1,-1
-1,-1
-1,-1
-1,-1
-1,-1
-1,-1
69598,7
-1,-1
-1,-1
-1,-1
125990,50
-1,-1
-1,-1
-1,-1
-1,-1
-1,-1
-1,-1
-1,-1
-1,-1
-1,-1
-1,-1
-1,-1
-1,-1
-1,-1
-1,-1
-1,-1
-1,-1
-1,-1
102489,538
-1,-1
-1,-1
-1,-1
