220701,1210,18105829
230156,60,277096
189366,61,330551
188029,70,789202
208319,67,563188
220735,60,274258
241745,44,57171
255059,59,248273
397104,45,67890
189615,69,721904
279405,54,156203
315350,57,218576
104838,99,13036619
242648,51,113021
223355,51,112399
347458,47,80685
211896,41,41603
176288,70,762950
263648,50,101511
291665,25,8000
243311,32,16582
184868,45,66021
421136,9,1000
208159,44,61126
-1,-1
-1,-1
-1,-1
-1,-1
-1,-1
-1,-1
-1,-1
-1,-1
-1,-1
-1,-1
-1,-1
-1,-1
-1,-1
-1,-1
-1,-1
-1,-1
116782,11
-1,-1
-1,-1
-1,-1
-1,-1
-1,-1
-1,-1
-1,-1
-1,-1
-1,-1
-1,-1
-1,-1
-1,-1
-1,-1
-1,-1
-1,-1
-1,-1
-1,-1
-1,-1
-1,-1
-1,-1
-1,-1
-1,-1
-1,-1
-1,-1
-1,-1
-1,-1
-1,-1
-1,-1
-1,-1
-1,-1
-1,-1
-1,-1
-1,-1
-1,-1
-1,-1
-1,-1
-1,-1
-1,-1
-1,-1
121748,17
-1,-1
-1,-1
-1,-1
-1,-1
-1,-1
-1,-1
-1,-1
-1,-1
-1,-1
-1,-1
-1,-1
-1,-1
-1,-1
-1,-1
-1,-1
83419,538
-1,-1
-1,-1
