217692,1167,16855976
218645,60,277076
246892,48,84651
254445,56,187354
231705,60,281447
209668,60,274258
229153,44,57148
241996,59,248195
379220,45,66890
181160,69,691546
317347,46,69322
299174,57,218576
98173,99,13036619
229328,51,112021
210419,51,112399
327804,47,80685
200762,41,41603
166254,70,762946
249132,50,101511
277927,25,8000
231498,31,15582
169951,45,66021
407726,9,1000
196123,44,61126
-1,-1
-1,-1
-1,-1
-1,-1
-1,-1
-1,-1
-1,-1
-1,-1
-1,-1
-1,-1
-1,-1
-1,-1
-1,-1
-1,-1
-1,-1
99383,11
-1,-1
-1,-1
-1,-1
-1,-1
-1,-1
-1,-1
-1,-1
-1,-1
-1,-1
-1,-1
-1,-1
-1,-1
-1,-1
-1,-1
-1,-1
-1,-1
-1,-1
-1,-1
-1,-1
-1,-1
-1,-1
-1,-1
-1,-1
-1,-1
-1,-1
-1,-1
-1,-1
-1,-1
-1,-1
-1,-1
-1,-1
-1,-1
-1,-1
-1,-1
-1,-1
-1,-1
-1,-1
-1,-1
-1,-1
105170,17
-1,-1
-1,-1
-1,-1
-1,-1
-1,-1
-1,-1
-1,-1
-1,-1
-1,-1
-1,-1
-1,-1
-1,-1
-1,-1
-1,-1
-1,-1
77911,538
-1,-1
-1,-1
