223331,1210,18105829
232983,60,277096
191635,61,330551
190506,70,789202
210868,67,563188
223329,60,274258
244797,44,57171
257928,59,248273
401677,45,67890
192285,69,721904
282723,54,156203
318886,57,218576
106224,99,13036619
245604,51,113021
226262,51,112399
351738,47,80685
214352,41,41603
178290,70,762950
266951,50,101511
294957,25,8000
246276,32,16582
187890,45,66021
424444,9,1000
210851,44,61126
-1,-1
-1,-1
-1,-1
-1,-1
-1,-1
-1,-1
-1,-1
-1,-1
-1,-1
-1,-1
-1,-1
-1,-1
-1,-1
-1,-1
-1,-1
-1,-1
120179,11
-1,-1
-1,-1
-1,-1
-1,-1
-1,-1
-1,-1
-1,-1
-1,-1
-1,-1
-1,-1
-1,-1
-1,-1
-1,-1
-1,-1
-1,-1
-1,-1
-1,-1
-1,-1
-1,-1
-1,-1
-1,-1
-1,-1
-1,-1
-1,-1
-1,-1
-1,-1
-1,-1
-1,-1
-1,-1
-1,-1
-1,-1
-1,-1
-1,-1
-1,-1
-1,-1
-1,-1
-1,-1
-1,-1
-1,-1
-1,-1
124920,17
-1,-1
-1,-1
-1,-1
-1,-1
-1,-1
-1,-1
-1,-1
-1,-1
-1,-1
-1,-1
-1,-1
-1,-1
-1,-1
-1,-1
-1,-1
84546,538
-1,-1
-1,-1
