246962,1329,20778810
205631,70,741325
217937,68,613669
218836,73,1046587
224316,72,982643
237849,66,516799
306461,44,57196
287353,61,330771
423011,50,109468
210369,71,882465
324835,56,187155
300886,66,510412
127710,99,13037079
298666,51,118861
283285,51,112843
290014,62,339776
263964,41,42686
223984,70,763476
316625,51,115218
260513,48,83017
306256,32,16633
237843,47,82407
315588,35,23757
256576,45,64567
-1,-1
-1,-1
-1,-1
-1,-1
-1,-1
-1,-1
-1,-1
-1,-1
-1,-1
-1,-1
230317,1
-1,-1
-1,-1
-1,-1
-1,-1
-1,-1
176543,14
-1,-1
-1,-1
-1,-1
-1,-1
-1,-1
-1,-1
-1,-1
-1,-1
-1,-1
-1,-1
-1,-1
-1,-1
-1,-1
-1,-1
-1,-1
-1,-1
-1,-1
-1,-1
-1,-1
-1,-1
-1,-1
-1,-1
-1,-1
-1,-1
-1,-1
-1,-1
-1,-1
-1,-1
-1,-1
-1,-1
-1,-1
-1,-1
-1,-1
-1,-1
-1,-1
-1,-1
-1,-1
-1,-1
-1,-1
-1,-1
-1,-1
-1,-1
69668,7
-1,-1
-1,-1
-1,-1
126059,50
-1,-1
-1,-1
-1,-1
-1,-1
-1,-1
-1,-1
-1,-1
-1,-1
-1,-1
-1,-1
-1,-1
-1,-1
-1,-1
-1,-1
-1,-1
-1,-1
-1,-1
102515,538
-1,-1
-1,-1
-1,-1
