217650,1167,16855976
218605,60,277076
246851,48,84651
254409,56,187354
231669,60,281447
209631,60,274258
229102,44,57148
241947,59,248195
379139,45,66890
181115,69,691546
317296,46,69322
299133,57,218576
98149,99,13036619
229281,51,112021
210385,51,112399
327738,47,80685
200740,41,41603
166227,70,762946
249091,50,101511
277894,25,8000
231458,31,15582
169911,45,66021
407687,9,1000
196088,44,61126
-1,-1
-1,-1
-1,-1
-1,-1
-1,-1
-1,-1
-1,-1
-1,-1
-1,-1
-1,-1
-1,-1
-1,-1
-1,-1
-1,-1
-1,-1
99328,11
-1,-1
-1,-1
-1,-1
-1,-1
-1,-1
-1,-1
-1,-1
-1,-1
-1,-1
-1,-1
-1,-1
-1,-1
-1,-1
-1,-1
-1,-1
-1,-1
-1,-1
-1,-1
-1,-1
-1,-1
-1,-1
-1,-1
-1,-1
-1,-1
-1,-1
-1,-1
-1,-1
-1,-1
-1,-1
-1,-1
-1,-1
-1,-1
-1,-1
-1,-1
-1,-1
-1,-1
-1,-1
-1,-1
-1,-1
105121,17
-1,-1
-1,-1
-1,-1
-1,-1
-1,-1
-1,-1
-1,-1
-1,-1
-1,-1
-1,-1
-1,-1
-1,-1
-1,-1
-1,-1
-1,-1
77893,538
-1,-1
-1,-1
