266325,1329,20778810
225166,70,741325
238936,68,613669
240220,73,1046587
245598,72,982643
257396,66,516799
330850,44,57196
309977,61,330771
451530,50,109468
224557,71,882465
347232,56,187155
319216,66,510412
133582,99,13037079
321056,51,118861
304819,51,112843
311794,62,339776
283616,41,42686
240051,70,763476
343945,51,115218
278915,48,83017
331912,32,16633
260568,47,82407
339990,35,23757
274139,45,64567
-1,-1
-1,-1
-1,-1
-1,-1
-1,-1
-1,-1
-1,-1
-1,-1
-1,-1
-1,-1
243844,1
-1,-1
-1,-1
-1,-1
-1,-1
-1,-1
199141,14
-1,-1
-1,-1
-1,-1
-1,-1
-1,-1
-1,-1
-1,-1
-1,-1
-1,-1
-1,-1
-1,-1
-1,-1
-1,-1
-1,-1
-1,-1
-1,-1
-1,-1
-1,-1
-1,-1
-1,-1
-1,-1
-1,-1
-1,-1
-1,-1
-1,-1
-1,-1
-1,-1
-1,-1
-1,-1
-1,-1
-1,-1
-1,-1
-1,-1
-1,-1
-1,-1
-1,-1
-1,-1
-1,-1
-1,-1
-1,-1
-1,-1
-1,-1
-1,-1
84238,7
-1,-1
-1,-1
-1,-1
141229,50
-1,-1
-1,-1
-1,-1
-1,-1
-1,-1
-1,-1
-1,-1
-1,-1
-1,-1
-1,-1
-1,-1
-1,-1
-1,-1
-1,-1
-1,-1
-1,-1
-1,-1
108016,538
-1,-1
-1,-1
-1,-1
