220220,1329,20778810
182381,70,741325
193739,68,613669
194242,73,1046587
199420,72,982643
213500,66,516799
272609,44,57196
255696,61,330771
384336,50,109468
186739,71,882465
295212,56,187155
273316,66,510412
115960,99,13037079
266442,51,118861
251402,51,112843
255375,62,339776
236217,41,42686
197532,70,763476
280627,51,115218
233323,48,83017
272800,32,16633
206155,47,82407
282412,35,23757
230521,45,64567
-1,-1
-1,-1
-1,-1
-1,-1
-1,-1
-1,-1
-1,-1
-1,-1
-1,-1
-1,-1
209468,1
-1,-1
-1,-1
-1,-1
-1,-1
-1,-1
144276,14
-1,-1
-1,-1
-1,-1
-1,-1
-1,-1
-1,-1
-1,-1
-1,-1
-1,-1
-1,-1
-1,-1
-1,-1
-1,-1
-1,-1
-1,-1
-1,-1
-1,-1
-1,-1
-1,-1
-1,-1
-1,-1
-1,-1
-1,-1
-1,-1
-1,-1
-1,-1
-1,-1
-1,-1
-1,-1
-1,-1
-1,-1
-1,-1
-1,-1
-1,-1
-1,-1
-1,-1
-1,-1
-1,-1
-1,-1
-1,-1
46680,7
-1,-1
-1,-1
-1,-1
106326,50
-1,-1
-1,-1
-1,-1
-1,-1
-1,-1
-1,-1
-1,-1
-1,-1
-1,-1
-1,-1
-1,-1
-1,-1
-1,-1
-1,-1
-1,-1
93046,538
-1,-1
-1,-1
