303449,1330,20778810
260002,70,741325
274324,68,613669
276556,73,1046587
282172,72,982643
291525,66,516799
373990,44,57196
350546,61,330771
497761,50,109468
258466,71,882465
385379,56,187155
353725,66,510412
143479,99,13037079
361086,51,118861
345835,51,112843
355549,62,339776
318819,41,42686
272474,70,763476
389918,51,115218
314618,48,83017
373911,32,16633
296987,47,82407
381944,35,23757
310866,45,64567
-1,1,0
-1,-1
-1,-1
-1,-1
-1,-1
-1,-1
-1,-1
-1,-1
-1,-1
-1,-1
-1,-1
-1,-1
269498,1
-1,-1
-1,-1
-1,-1
-1,-1
-1,-1
235163,14
-1,-1
-1,-1
-1,-1
-1,-1
-1,-1
-1,-1
-1,-1
-1,-1
-1,0
-1,-1
-1,-1
-1,-1
-1,-1
-1,-1
-1,-1
-1,-1
-1,-1
-1,-1
-1,-1
-1,-1
-1,-1
-1,-1
-1,-1
-1,-1
-1,-1
-1,-1
-1,-1
-1,-1
-1,-1
-1,-1
-1,-1
-1,-1
-1,-1
-1,-1
-1,-1
-1,-1
-1,-1
-1,-1
-1,-1
-1,-1
-1,-1
-1,-1
-1,-1
-1,-1
106892,7
-1,-1
-1,-1
-1,-1
-1,-1
169976,50
-1,-1
-1,-1
-1,-1
-1,-1
-1,-1
-1,-1
-1,-1
-1,-1
-1,-1
-1,-1
-1,-1
-1,-1
-1,-1
-1,-1
-1,-1
-1,-1
-1,-1
115828,538
-1,-1
-1,-1
-1,-1
