210373,1329,20778810
174289,70,741325
185160,68,613669
185689,73,1046587
190490,72,982643
204576,66,516799
260047,44,57196
243909,61,330771
369443,50,109468
177766,71,882465
283376,56,187155
262528,66,510412
111635,99,13037079
254856,51,118861
239778,51,112843
242481,62,339776
225791,41,42686
188412,70,763476
267989,51,115218
223466,48,83017
261050,32,16633
194287,47,82407
270642,35,23757
220512,45,64567
-1,-1
-1,-1
-1,-1
-1,-1
-1,-1
-1,-1
-1,-1
-1,-1
-1,-1
-1,-1
201837,1
-1,-1
-1,-1
-1,-1
-1,-1
-1,-1
131862,14
-1,-1
-1,-1
-1,-1
-1,-1
-1,-1
-1,-1
-1,-1
-1,-1
-1,-1
-1,-1
-1,-1
-1,-1
-1,-1
-1,-1
-1,-1
-1,-1
-1,-1
-1,-1
-1,-1
-1,-1
-1,-1
-1,-1
-1,-1
-1,-1
-1,-1
-1,-1
-1,-1
-1,-1
-1,-1
-1,-1
-1,-1
-1,-1
-1,-1
-1,-1
-1,-1
-1,-1
-1,-1
-1,-1
-1,-1
37505,7
-1,-1
-1,-1
-1,-1
99213,50
-1,-1
-1,-1
-1,-1
-1,-1
-1,-1
-1,-1
-1,-1
-1,-1
-1,-1
-1,-1
-1,-1
-1,-1
-1,-1
-1,-1
-1,-1
89708,538
-1,-1
-1,-1
