223412,1329,20778810
185248,70,741325
196685,68,613669
197297,73,1046587
202440,72,982643
216407,66,516799
276557,44,57196
259378,61,330771
388776,50,109468
189660,71,882465
298935,56,187155
276561,66,510412
117527,99,13037079
270260,51,118861
255019,51,112843
259435,62,339776
239446,41,42686
201026,70,763476
284778,51,115218
236653,48,83017
276539,32,16633
209698,47,82407
286218,35,23757
233638,45,64567
-1,-1
-1,-1
-1,-1
-1,-1
-1,-1
-1,-1
-1,-1
-1,-1
-1,-1
-1,-1
211967,1
-1,-1
-1,-1
-1,-1
-1,-1
-1,-1
147886,14
-1,-1
-1,-1
-1,-1
-1,-1
-1,-1
-1,-1
-1,-1
-1,-1
-1,-1
-1,-1
-1,-1
-1,-1
-1,-1
-1,-1
-1,-1
-1,-1
-1,-1
-1,-1
-1,-1
-1,-1
-1,-1
-1,-1
-1,-1
-1,-1
-1,-1
-1,-1
-1,-1
-1,-1
-1,-1
-1,-1
-1,-1
-1,-1
-1,-1
-1,-1
-1,-1
-1,-1
-1,-1
-1,-1
-1,-1
-1,-1
-1,-1
49553,7
-1,-1
-1,-1
-1,-1
108525,50
-1,-1
-1,-1
-1,-1
-1,-1
-1,-1
-1,-1
-1,-1
-1,-1
-1,-1
-1,-1
-1,-1
-1,-1
-1,-1
-1,-1
-1,-1
-1,-1
94325,538
-1,-1
-1,-1
