271701,1329,20778810
230518,70,741325
244332,68,613669
245730,73,1046587
251101,72,982643
262479,66,516799
336800,44,57196
315853,61,330771
457881,50,109468
229076,71,882465
353212,56,187155
324311,66,510412
135106,99,13037079
327019,51,118861
310666,51,112843
318076,62,339776
288908,41,42686
244980,70,763476
350690,51,115218
284046,48,83017
338235,32,16633
266076,47,82407
346289,35,23757
279252,45,64567
-1,-1
-1,-1
-1,-1
-1,-1
-1,-1
-1,-1
-1,-1
-1,-1
-1,-1
-1,-1
-1,-1
247769,1
-1,-1
-1,-1
-1,-1
-1,-1
-1,-1
204436,14
-1,-1
-1,-1
-1,-1
-1,-1
-1,-1
-1,-1
-1,-1
-1,-1
-1,-1
-1,-1
-1,-1
-1,-1
-1,-1
-1,-1
-1,-1
-1,-1
-1,-1
-1,-1
-1,-1
-1,-1
-1,-1
-1,-1
-1,-1
-1,-1
-1,-1
-1,-1
-1,-1
-1,-1
-1,-1
-1,-1
-1,-1
-1,-1
-1,-1
-1,-1
-1,-1
-1,-1
-1,-1
-1,-1
-1,-1
-1,-1
-1,-1
-1,-1
-1,-1
87775,7
-1,-1
-1,-1
-1,-1
145082,50
-1,-1
-1,-1
-1,-1
-1,-1
-1,-1
-1,-1
-1,-1
-1,-1
-1,-1
-1,-1
-1,-1
-1,-1
-1,-1
-1,-1
-1,-1
-1,-1
-1,-1
109553,538
-1,-1
-1,-1
-1,-1
