281621,1330,20778810
238840,70,741325
252852,68,613669
254519,73,1046587
259845,72,982643
270537,66,516799
347194,44,57196
326275,61,330771
469912,50,109468
238375,71,882465
364398,56,187155
333297,66,510412
138717,99,13037079
337948,51,118861
321156,51,112843
330236,62,339776
297608,41,42686
253784,70,763476
363572,51,115218
292780,48,83017
349858,32,16633
276320,47,82407
357800,35,23757
290179,45,64567
-1,1,0
-1,-1
-1,-1
-1,-1
-1,-1
-1,-1
-1,-1
-1,-1
-1,-1
-1,-1
-1,-1
-1,-1
253480,1
-1,-1
-1,-1
-1,-1
-1,-1
-1,-1
214515,14
-1,-1
-1,-1
-1,-1
-1,-1
-1,-1
-1,-1
-1,-1
-1,-1
-1,-1
-1,-1
-1,-1
-1,-1
-1,-1
-1,-1
-1,-1
-1,-1
-1,-1
-1,-1
-1,-1
-1,-1
-1,-1
-1,-1
-1,-1
-1,-1
-1,-1
-1,-1
-1,-1
-1,-1
-1,-1
-1,-1
-1,-1
-1,-1
-1,-1
-1,-1
-1,-1
-1,-1
-1,-1
-1,-1
-1,-1
-1,-1
-1,-1
-1,-1
-1,-1
92588,7
-1,-1
-1,-1
-1,-1
-1,-1
153901,50
-1,-1
-1,-1
-1,-1
-1,-1
-1,-1
-1,-1
-1,-1
-1,-1
-1,-1
-1,-1
-1,-1
-1,-1
-1,-1
-1,-1
-1,-1
-1,-1
-1,-1
113377,538
-1,-1
-1,-1
-1,-1
