225363,1167,16862712
225730,60,277076
254843,48,84651
261274,56,192410
238945,60,283127
216422,60,274258
236903,44,57148
250224,59,248195
391163,45,66890
188485,69,691546
328205,46,69322
309179,57,218576
102180,99,13036619
238622,51,112021
218506,51,112399
340579,47,80685
207665,41,41603
172386,70,762946
258191,50,101511
286465,25,8000
239813,31,15582
179521,45,66021
415667,9,1000
203542,44,61126
-1,-1
-1,-1
-1,-1
-1,-1
-1,-1
-1,-1
-1,-1
-1,-1
-1,-1
-1,-1
-1,-1
-1,-1
-1,-1
-1,-1
-1,-1
-1,-1
110758,11
-1,-1
-1,-1
-1,-1
-1,-1
-1,-1
-1,-1
-1,-1
-1,-1
-1,-1
-1,-1
-1,-1
-1,-1
-1,-1
-1,-1
-1,-1
-1,-1
-1,-1
-1,-1
-1,-1
-1,-1
-1,-1
-1,-1
-1,-1
-1,-1
-1,-1
-1,-1
-1,-1
-1,-1
-1,-1
-1,-1
-1,-1
-1,-1
-1,-1
-1,-1
-1,-1
-1,-1
-1,-1
-1,-1
-1,-1
116043,17
-1,-1
-1,-1
-1,-1
-1,-1
-1,-1
-1,-1
-1,-1
-1,-1
-1,-1
-1,-1
-1,-1
-1,-1
-1,-1
-1,-1
-1,-1
81250,538
-1,-1
-1,-1
