216277,1149,16567002
221939,60,274064
241339,48,84639
268528,52,127407
238999,57,218332
228013,53,144074
223615,44,57148
236289,59,248195
371157,45,66830
174695,69,691546
309655,46,69322
292349,57,218576
95044,99,13036619
223444,51,112009
204833,51,112399
319873,47,80685
196443,41,41193
162504,70,759940
261917,46,72495
272103,25,8000
226082,31,15382
163141,45,66021
403311,9,1000
190834,44,61126
-1,-1
-1,-1
-1,-1
-1,-1
-1,-1
-1,-1
-1,-1
-1,-1
-1,-1
-1,-1
-1,-1
-1,-1
-1,-1
-1,-1
-1,-1
91320,11
-1,-1
-1,-1
-1,-1
-1,-1
-1,-1
-1,-1
-1,-1
-1,-1
-1,-1
-1,-1
-1,-1
-1,-1
-1,-1
-1,-1
-1,-1
-1,-1
-1,-1
-1,-1
-1,-1
-1,-1
-1,-1
-1,-1
-1,-1
-1,-1
-1,-1
-1,-1
-1,-1
-1,-1
-1,-1
-1,-1
-1,-1
-1,-1
-1,-1
-1,-1
-1,-1
-1,-1
-1,-1
-1,-1
96994,17
-1,-1
-1,-1
-1,-1
-1,-1
-1,-1
-1,-1
-1,-1
-1,-1
-1,-1
-1,-1
-1,-1
-1,-1
75232,538
-1,-1
-1,-1
