220376,1329,20778810
182525,70,741325
193887,68,613669
194394,73,1046587
199589,72,982643
213662,66,516799
272790,44,57196
255884,61,330771
384555,50,109468
186926,71,882465
295407,56,187155
273466,66,510412
116030,99,13037079
266615,51,118861
251612,51,112843
255591,62,339776
236363,41,42686
197671,70,763476
280803,51,115218
233496,48,83017
272979,32,16633
206331,47,82407
282594,35,23757
230672,45,64567
-1,-1
-1,-1
-1,-1
-1,-1
-1,-1
-1,-1
-1,-1
-1,-1
-1,-1
-1,-1
209567,1
-1,-1
-1,-1
-1,-1
-1,-1
-1,-1
144453,14
-1,-1
-1,-1
-1,-1
-1,-1
-1,-1
-1,-1
-1,-1
-1,-1
-1,-1
-1,-1
-1,-1
-1,-1
-1,-1
-1,-1
-1,-1
-1,-1
-1,-1
-1,-1
-1,-1
-1,-1
-1,-1
-1,-1
-1,-1
-1,-1
-1,-1
-1,-1
-1,-1
-1,-1
-1,-1
-1,-1
-1,-1
-1,-1
-1,-1
-1,-1
-1,-1
-1,-1
-1,-1
-1,-1
-1,-1
-1,-1
46804,7
-1,-1
-1,-1
-1,-1
106432,50
-1,-1
-1,-1
-1,-1
-1,-1
-1,-1
-1,-1
-1,-1
-1,-1
-1,-1
-1,-1
-1,-1
-1,-1
-1,-1
-1,-1
-1,-1
93109,538
-1,-1
-1,-1
