231431,1329,20778810
191949,70,741325
203653,68,613669
204526,73,1046587
209772,72,982643
223776,66,516799
286424,44,57196
268789,61,330771
400266,50,109468
197024,71,882465
307846,56,187155
284834,66,510412
121216,99,13037079
279575,51,118861
264337,51,112843
269765,62,339776
247580,41,42686
208718,70,763476
294814,51,115218
244723,48,83017
285797,32,16633
219431,47,82407
295371,35,23757
241378,45,64567
-1,-1
-1,-1
-1,-1
-1,-1
-1,-1
-1,-1
-1,-1
-1,-1
-1,-1
-1,-1
218080,1
-1,-1
-1,-1
-1,-1
-1,-1
-1,-1
157949,14
-1,-1
-1,-1
-1,-1
-1,-1
-1,-1
-1,-1
-1,-1
-1,-1
-1,-1
-1,-1
-1,-1
-1,-1
-1,-1
-1,-1
-1,-1
-1,-1
-1,-1
-1,-1
-1,-1
-1,-1
-1,-1
-1,-1
-1,-1
-1,-1
-1,-1
-1,-1
-1,-1
-1,-1
-1,-1
-1,-1
-1,-1
-1,-1
-1,-1
-1,-1
-1,-1
-1,-1
-1,-1
-1,-1
-1,-1
-1,-1
-1,-1
56105,7
-1,-1
-1,-1
-1,-1
113937,50
-1,-1
-1,-1
-1,-1
-1,-1
-1,-1
-1,-1
-1,-1
-1,-1
-1,-1
-1,-1
-1,-1
-1,-1
-1,-1
-1,-1
-1,-1
-1,-1
97243,538
-1,-1
-1,-1
