231434,1329,20778810
191953,70,741325
203658,68,613669
204531,73,1046587
209776,72,982643
223779,66,516799
286428,44,57196
268796,61,330771
400272,50,109468
197035,71,882465
307850,56,187155
284836,66,510412
121218,99,13037079
279579,51,118861
264342,51,112843
269769,62,339776
247585,41,42686
208720,70,763476
294818,51,115218
244736,48,83017
285801,32,16633
219440,47,82407
295376,35,23757
241380,45,64567
-1,-1
-1,-1
-1,-1
-1,-1
-1,-1
-1,-1
-1,-1
-1,-1
-1,-1
-1,-1
218086,1
-1,-1
-1,-1
-1,-1
-1,-1
-1,-1
157956,14
-1,-1
-1,-1
-1,-1
-1,-1
-1,-1
-1,-1
-1,-1
-1,-1
-1,-1
-1,-1
-1,-1
-1,-1
-1,-1
-1,-1
-1,-1
-1,-1
-1,-1
-1,-1
-1,-1
-1,-1
-1,-1
-1,-1
-1,-1
-1,-1
-1,-1
-1,-1
-1,-1
-1,-1
-1,-1
-1,-1
-1,-1
-1,-1
-1,-1
-1,-1
-1,-1
-1,-1
-1,-1
-1,-1
-1,-1
-1,-1
-1,-1
56108,7
-1,-1
-1,-1
-1,-1
113939,50
-1,-1
-1,-1
-1,-1
-1,-1
-1,-1
-1,-1
-1,-1
-1,-1
-1,-1
-1,-1
-1,-1
-1,-1
-1,-1
-1,-1
-1,-1
-1,-1
97244,538
-1,-1
-1,-1
