234128,1329,20778810
194308,70,741325
206116,68,613669
207151,73,1046587
212371,72,982643
226324,66,516799
289971,44,57196
272051,61,330771
404273,50,109468
199504,71,882465
310877,56,187155
287768,66,510412
122307,99,13037079
282856,51,118861
267653,51,112843
273263,62,339776
250485,41,42686
211162,70,763476
298498,51,115218
247552,48,83017
289200,32,16633
222697,47,82407
298691,35,23757
244064,45,64567
-1,-1
-1,-1
-1,-1
-1,-1
-1,-1
-1,-1
-1,-1
-1,-1
-1,-1
-1,-1
220332,1
-1,-1
-1,-1
-1,-1
-1,-1
-1,-1
161274,14
-1,-1
-1,-1
-1,-1
-1,-1
-1,-1
-1,-1
-1,-1
-1,-1
-1,-1
-1,-1
-1,-1
-1,-1
-1,-1
-1,-1
-1,-1
-1,-1
-1,-1
-1,-1
-1,-1
-1,-1
-1,-1
-1,-1
-1,-1
-1,-1
-1,-1
-1,-1
-1,-1
-1,-1
-1,-1
-1,-1
-1,-1
-1,-1
-1,-1
-1,-1
-1,-1
-1,-1
-1,-1
-1,-1
-1,-1
-1,-1
-1,-1
-1,-1
58390,7
-1,-1
-1,-1
-1,-1
116007,50
-1,-1
-1,-1
-1,-1
-1,-1
-1,-1
-1,-1
-1,-1
-1,-1
-1,-1
-1,-1
-1,-1
-1,-1
-1,-1
-1,-1
-1,-1
-1,-1
-1,-1
98056,538
-1,-1
-1,-1
