220571,1167,16862712
221347,60,277076
249913,48,84651
256395,56,192410
234294,60,283127
212297,60,274258
232117,44,57148
245084,59,248195
383564,45,66890
183819,69,691546
321527,46,69322
302940,57,218576
99807,99,13036619
232564,51,112021
213387,51,112399
332297,47,80685
203434,41,41603
168747,70,762946
252582,50,101511
281171,25,8000
234582,31,15582
173374,45,66021
410452,9,1000
198825,44,61126
-1,-1
-1,-1
-1,-1
-1,-1
-1,-1
-1,-1
-1,-1
-1,-1
-1,-1
-1,-1
-1,-1
-1,-1
-1,-1
-1,-1
-1,-1
-1,-1
103413,11
-1,-1
-1,-1
-1,-1
-1,-1
-1,-1
-1,-1
-1,-1
-1,-1
-1,-1
-1,-1
-1,-1
-1,-1
-1,-1
-1,-1
-1,-1
-1,-1
-1,-1
-1,-1
-1,-1
-1,-1
-1,-1
-1,-1
-1,-1
-1,-1
-1,-1
-1,-1
-1,-1
-1,-1
-1,-1
-1,-1
-1,-1
-1,-1
-1,-1
-1,-1
-1,-1
-1,-1
-1,-1
-1,-1
-1,-1
109170,17
-1,-1
-1,-1
-1,-1
-1,-1
-1,-1
-1,-1
-1,-1
-1,-1
-1,-1
-1,-1
-1,-1
-1,-1
-1,-1
-1,-1
-1,-1
79276,538
-1,-1
-1,-1
