243184,1329,20778810
202375,70,741325
214527,68,613669
215445,73,1046587
220874,72,982643
234605,66,516799
301665,44,57196
282969,61,330771
417571,50,109468
207285,71,882465
320783,56,187155
297109,66,510412
126182,99,13037079
294026,51,118861
278908,51,112843
285350,62,339776
260087,41,42686
220204,70,763476
311193,51,115218
256738,48,83017
301370,32,16633
233297,47,82407
310762,35,23757
252991,45,64567
-1,-1
-1,-1
-1,-1
-1,-1
-1,-1
-1,-1
-1,-1
-1,-1
-1,-1
-1,-1
227535,1
-1,-1
-1,-1
-1,-1
-1,-1
-1,-1
171928,14
-1,-1
-1,-1
-1,-1
-1,-1
-1,-1
-1,-1
-1,-1
-1,-1
-1,-1
-1,-1
-1,-1
-1,-1
-1,-1
-1,-1
-1,-1
-1,-1
-1,-1
-1,-1
-1,-1
-1,-1
-1,-1
-1,-1
-1,-1
-1,-1
-1,-1
-1,-1
-1,-1
-1,-1
-1,-1
-1,-1
-1,-1
-1,-1
-1,-1
-1,-1
-1,-1
-1,-1
-1,-1
-1,-1
-1,-1
-1,-1
-1,-1
-1,-1
66529,7
-1,-1
-1,-1
-1,-1
123069,50
-1,-1
-1,-1
-1,-1
-1,-1
-1,-1
-1,-1
-1,-1
-1,-1
-1,-1
-1,-1
-1,-1
-1,-1
-1,-1
-1,-1
-1,-1
-1,-1
-1,-1
101153,538
-1,-1
-1,-1
-1,-1
