225424,1167,16862712
225795,60,277076
254912,48,84651
261368,56,192410
239002,60,283127
216470,60,274258
236958,44,57148
250296,59,248195
391277,45,66890
188551,69,691546
328311,46,69322
309251,57,218576
102211,99,13036619
238697,51,112021
218566,51,112399
340680,47,80685
207725,41,41603
172445,70,762946
258262,50,101511
286531,25,8000
239872,31,15582
179606,45,66021
415711,9,1000
203595,44,61126
-1,-1
-1,-1
-1,-1
-1,-1
-1,-1
-1,-1
-1,-1
-1,-1
-1,-1
-1,-1
-1,-1
-1,-1
-1,-1
-1,-1
-1,-1
-1,-1
110838,11
-1,-1
-1,-1
-1,-1
-1,-1
-1,-1
-1,-1
-1,-1
-1,-1
-1,-1
-1,-1
-1,-1
-1,-1
-1,-1
-1,-1
-1,-1
-1,-1
-1,-1
-1,-1
-1,-1
-1,-1
-1,-1
-1,-1
-1,-1
-1,-1
-1,-1
-1,-1
-1,-1
-1,-1
-1,-1
-1,-1
-1,-1
-1,-1
-1,-1
-1,-1
-1,-1
-1,-1
-1,-1
-1,-1
-1,-1
116129,17
-1,-1
-1,-1
-1,-1
-1,-1
-1,-1
-1,-1
-1,-1
-1,-1
-1,-1
-1,-1
-1,-1
-1,-1
-1,-1
-1,-1
-1,-1
81277,538
-1,-1
-1,-1
