223498,1329,20778810
185319,70,741325
196753,68,613669
197373,73,1046587
202506,72,982643
216482,66,516799
276658,44,57196
259493,61,330771
388893,50,109468
189740,71,882465
299032,56,187155
276659,66,510412
117581,99,13037079
270350,51,118861
255105,51,112843
259528,62,339776
239540,41,42686
201135,70,763476
284882,51,115218
236736,48,83017
276633,32,16633
209792,47,82407
286311,35,23757
233708,45,64567
-1,-1
-1,-1
-1,-1
-1,-1
-1,-1
-1,-1
-1,-1
-1,-1
-1,-1
-1,-1
212028,1
-1,-1
-1,-1
-1,-1
-1,-1
-1,-1
147969,14
-1,-1
-1,-1
-1,-1
-1,-1
-1,-1
-1,-1
-1,-1
-1,-1
-1,-1
-1,-1
-1,-1
-1,-1
-1,-1
-1,-1
-1,-1
-1,-1
-1,-1
-1,-1
-1,-1
-1,-1
-1,-1
-1,-1
-1,-1
-1,-1
-1,-1
-1,-1
-1,-1
-1,-1
-1,-1
-1,-1
-1,-1
-1,-1
-1,-1
-1,-1
-1,-1
-1,-1
-1,-1
-1,-1
-1,-1
-1,-1
-1,-1
49631,7
-1,-1
-1,-1
-1,-1
108576,50
-1,-1
-1,-1
-1,-1
-1,-1
-1,-1
-1,-1
-1,-1
-1,-1
-1,-1
-1,-1
-1,-1
-1,-1
-1,-1
-1,-1
-1,-1
-1,-1
94365,538
-1,-1
-1,-1
