297799,1330,20778810
254245,70,741325
268447,68,613669
270584,73,1046587
276075,72,982643
285839,66,516799
366865,44,57196
344084,61,330771
490149,50,109468
253030,71,882465
379659,56,187155
348077,66,510412
142090,99,13037079
354819,51,118861
339188,51,112843
348611,62,339776
313186,41,42686
267368,70,763476
382869,51,115218
308777,48,83017
367362,32,16633
291450,47,82407
375367,35,23757
305410,45,64567
-1,1,0
-1,-1
-1,-1
-1,-1
-1,-1
-1,-1
-1,-1
-1,-1
-1,-1
-1,-1
-1,-1
-1,-1
265260,1
-1,-1
-1,-1
-1,-1
-1,-1
-1,-1
229694,14
-1,-1
-1,-1
-1,-1
-1,-1
-1,-1
-1,-1
-1,-1
-1,-1
-1,0
-1,-1
-1,-1
-1,-1
-1,-1
-1,-1
-1,-1
-1,-1
-1,-1
-1,-1
-1,-1
-1,-1
-1,-1
-1,-1
-1,-1
-1,-1
-1,-1
-1,-1
-1,-1
-1,-1
-1,-1
-1,-1
-1,-1
-1,-1
-1,-1
-1,-1
-1,-1
-1,-1
-1,-1
-1,-1
-1,-1
-1,-1
-1,-1
-1,-1
-1,-1
-1,-1
103379,7
-1,-1
-1,-1
-1,-1
-1,-1
165730,50
-1,-1
-1,-1
-1,-1
-1,-1
-1,-1
-1,-1
-1,-1
-1,-1
-1,-1
-1,-1
-1,-1
-1,-1
-1,-1
-1,-1
-1,-1
-1,-1
-1,-1
115072,538
-1,-1
-1,-1
-1,-1
