236977,1329,20778810
196841,70,741325
208727,68,613669
209795,73,1046587
215008,72,982643
228905,66,516799
293592,44,57196
275471,61,330771
408395,50,109468
202013,71,882465
314041,56,187155
290701,66,510412
123643,99,13037079
286283,51,118861
271164,51,112843
277013,62,339776
253531,41,42686
213975,70,763476
302525,51,115218
250382,48,83017
292834,32,16633
226067,47,82407
302469,35,23757
246850,45,64567
-1,-1
-1,-1
-1,-1
-1,-1
-1,-1
-1,-1
-1,-1
-1,-1
-1,-1
-1,-1
222571,1
-1,-1
-1,-1
-1,-1
-1,-1
-1,-1
164675,14
-1,-1
-1,-1
-1,-1
-1,-1
-1,-1
-1,-1
-1,-1
-1,-1
-1,-1
-1,-1
-1,-1
-1,-1
-1,-1
-1,-1
-1,-1
-1,-1
-1,-1
-1,-1
-1,-1
-1,-1
-1,-1
-1,-1
-1,-1
-1,-1
-1,-1
-1,-1
-1,-1
-1,-1
-1,-1
-1,-1
-1,-1
-1,-1
-1,-1
-1,-1
-1,-1
-1,-1
-1,-1
-1,-1
-1,-1
-1,-1
-1,-1
-1,-1
60986,7
-1,-1
-1,-1
-1,-1
118159,50
-1,-1
-1,-1
-1,-1
-1,-1
-1,-1
-1,-1
-1,-1
-1,-1
-1,-1
-1,-1
-1,-1
-1,-1
-1,-1
-1,-1
-1,-1
-1,-1
-1,-1
99088,538
-1,-1
-1,-1
