247112,1329,20778810
205784,70,741325
218101,68,613669
218982,73,1046587
224463,72,982643
237993,66,516799
306682,44,57196
287583,61,330771
423306,50,109468
210489,71,882465
325018,56,187155
301064,66,510412
127751,99,13037079
298917,51,118861
283484,51,112843
290208,62,339776
264156,41,42686
224139,70,763476
316927,51,115218
260661,48,83017
306490,32,16633
238057,47,82407
315807,35,23757
256721,45,64567
-1,-1
-1,-1
-1,-1
-1,-1
-1,-1
-1,-1
-1,-1
-1,-1
-1,-1
-1,-1
230433,1
-1,-1
-1,-1
-1,-1
-1,-1
-1,-1
176767,14
-1,-1
-1,-1
-1,-1
-1,-1
-1,-1
-1,-1
-1,-1
-1,-1
-1,-1
-1,-1
-1,-1
-1,-1
-1,-1
-1,-1
-1,-1
-1,-1
-1,-1
-1,-1
-1,-1
-1,-1
-1,-1
-1,-1
-1,-1
-1,-1
-1,-1
-1,-1
-1,-1
-1,-1
-1,-1
-1,-1
-1,-1
-1,-1
-1,-1
-1,-1
-1,-1
-1,-1
-1,-1
-1,-1
-1,-1
-1,-1
-1,-1
-1,-1
69833,7
-1,-1
-1,-1
-1,-1
126203,50
-1,-1
-1,-1
-1,-1
-1,-1
-1,-1
-1,-1
-1,-1
-1,-1
-1,-1
-1,-1
-1,-1
-1,-1
-1,-1
-1,-1
-1,-1
-1,-1
-1,-1
102566,538
-1,-1
-1,-1
-1,-1
