223531,1210,18105829
233182,60,277096
191774,61,330551
190682,70,789202
211038,67,563188
223494,60,274258
245027,44,57171
258152,59,248273
401978,45,67890
192481,69,721904
282963,54,156203
319144,57,218576
106322,99,13036619
245818,51,113021
226534,51,112399
352023,47,80685
214518,41,41603
178418,70,762950
267159,50,101511
295194,25,8000
246474,32,16582
188118,45,66021
424716,9,1000
211008,44,61126
-1,-1
-1,-1
-1,-1
-1,-1
-1,-1
-1,-1
-1,-1
-1,-1
-1,-1
-1,-1
-1,-1
-1,-1
-1,-1
-1,-1
-1,-1
-1,-1
120437,11
-1,-1
-1,-1
-1,-1
-1,-1
-1,-1
-1,-1
-1,-1
-1,-1
-1,-1
-1,-1
-1,-1
-1,-1
-1,-1
-1,-1
-1,-1
-1,-1
-1,-1
-1,-1
-1,-1
-1,-1
-1,-1
-1,-1
-1,-1
-1,-1
-1,-1
-1,-1
-1,-1
-1,-1
-1,-1
-1,-1
-1,-1
-1,-1
-1,-1
-1,-1
-1,-1
-1,-1
-1,-1
-1,-1
-1,-1
-1,-1
125169,17
-1,-1
-1,-1
-1,-1
-1,-1
-1,-1
-1,-1
-1,-1
-1,-1
-1,-1
-1,-1
-1,-1
-1,-1
-1,-1
-1,-1
-1,-1
84616,538
-1,-1
-1,-1
