294238,1330,20778810
250879,70,741325
265001,68,613669
266985,73,1046587
272475,72,982643
282418,66,516799
362855,44,57196
340357,61,330771
486052,50,109468
249862,71,882465
376363,56,187155
345015,66,510412
141437,99,13037079
351208,51,118861
335484,51,112843
344745,62,339776
309980,41,42686
264528,70,763476
378937,51,115218
305389,48,83017
363893,32,16633
288510,47,82407
371810,35,23757
302251,45,64567
-1,1,0
-1,-1
-1,-1
-1,-1
-1,-1
-1,-1
-1,-1
-1,-1
-1,-1
-1,-1
-1,-1
-1,-1
262761,1
-1,-1
-1,-1
-1,-1
-1,-1
-1,-1
226795,14
-1,-1
-1,-1
-1,-1
-1,-1
-1,-1
-1,-1
-1,-1
-1,-1
-1,0
-1,-1
-1,-1
-1,-1
-1,-1
-1,-1
-1,-1
-1,-1
-1,-1
-1,-1
-1,-1
-1,-1
-1,-1
-1,-1
-1,-1
-1,-1
-1,-1
-1,-1
-1,-1
-1,-1
-1,-1
-1,-1
-1,-1
-1,-1
-1,-1
-1,-1
-1,-1
-1,-1
-1,-1
-1,-1
-1,-1
-1,-1
-1,-1
-1,-1
-1,-1
-1,-1
101170,7
-1,-1
-1,-1
-1,-1
-1,-1
163312,50
-1,-1
-1,-1
-1,-1
-1,-1
-1,-1
-1,-1
-1,-1
-1,-1
-1,-1
-1,-1
-1,-1
-1,-1
-1,-1
-1,-1
-1,-1
-1,-1
-1,-1
114744,538
-1,-1
-1,-1
-1,-1
