204381,1329,20778810
169161,70,741325
179882,68,613669
180471,73,1046587
185069,72,982643
199054,66,516799
252803,44,57196
237057,61,330771
361151,50,109468
172403,71,882465
275793,56,187155
256357,66,510412
108433,99,13037079
248167,51,118861
233142,51,112843
234500,62,339776
219730,41,42686
183161,70,763476
260615,51,115218
217482,48,83017
254071,32,16633
187304,47,82407
263590,35,23757
214296,45,64567
-1,-1
-1,-1
-1,-1
-1,-1
-1,-1
-1,-1
-1,-1
-1,-1
-1,-1
-1,-1
197620,1
-1,-1
-1,-1
-1,-1
-1,-1
-1,-1
124487,14
-1,-1
-1,-1
-1,-1
-1,-1
-1,-1
-1,-1
-1,-1
-1,-1
-1,-1
-1,-1
-1,-1
-1,-1
-1,-1
-1,-1
-1,-1
-1,-1
-1,-1
-1,-1
-1,-1
-1,-1
-1,-1
-1,-1
-1,-1
-1,-1
-1,-1
-1,-1
-1,-1
-1,-1
-1,-1
-1,-1
-1,-1
-1,-1
-1,-1
-1,-1
-1,-1
-1,-1
-1,-1
-1,-1
-1,-1
31249,7
-1,-1
-1,-1
-1,-1
94990,50
-1,-1
-1,-1
-1,-1
-1,-1
-1,-1
-1,-1
-1,-1
-1,-1
-1,-1
-1,-1
-1,-1
-1,-1
-1,-1
-1,-1
-1,-1
87138,538
-1,-1
-1,-1
