266692,1329,20778810
225554,70,741325
239325,68,613669
240635,73,1046587
245985,72,982643
257778,66,516799
331293,44,57196
310393,61,330771
451998,50,109468
224880,71,882465
347729,56,187155
319611,66,510412
133733,99,13037079
321459,51,118861
305230,51,112843
312236,62,339776
283995,41,42686
240417,70,763476
344470,51,115218
279252,48,83017
332333,32,16633
260980,47,82407
340463,35,23757
274519,45,64567
-1,-1
-1,-1
-1,-1
-1,-1
-1,-1
-1,-1
-1,-1
-1,-1
-1,-1
-1,-1
244132,1
-1,-1
-1,-1
-1,-1
-1,-1
-1,-1
199544,14
-1,-1
-1,-1
-1,-1
-1,-1
-1,-1
-1,-1
-1,-1
-1,-1
-1,-1
-1,-1
-1,-1
-1,-1
-1,-1
-1,-1
-1,-1
-1,-1
-1,-1
-1,-1
-1,-1
-1,-1
-1,-1
-1,-1
-1,-1
-1,-1
-1,-1
-1,-1
-1,-1
-1,-1
-1,-1
-1,-1
-1,-1
-1,-1
-1,-1
-1,-1
-1,-1
-1,-1
-1,-1
-1,-1
-1,-1
-1,-1
-1,-1
-1,-1
-1,-1
84499,7
-1,-1
-1,-1
-1,-1
141514,50
-1,-1
-1,-1
-1,-1
-1,-1
-1,-1
-1,-1
-1,-1
-1,-1
-1,-1
-1,-1
-1,-1
-1,-1
-1,-1
-1,-1
-1,-1
-1,-1
-1,-1
108193,538
-1,-1
-1,-1
-1,-1
