217817,1167,16855976
218772,60,277076
247045,48,84651
254585,56,187354
231837,60,281447
209770,60,274258
229302,44,57148
242151,59,248195
379450,45,66890
181305,69,691546
317553,46,69322
299372,57,218576
98249,99,13036619
229456,51,112021
210534,51,112399
328019,47,80685
200889,41,41603
166374,70,762946
249294,50,101511
278098,25,8000
231635,31,15582
170127,45,66021
407894,9,1000
196220,44,61126
-1,-1
-1,-1
-1,-1
-1,-1
-1,-1
-1,-1
-1,-1
-1,-1
-1,-1
-1,-1
-1,-1
-1,-1
-1,-1
-1,-1
-1,-1
-1,-1
99587,11
-1,-1
-1,-1
-1,-1
-1,-1
-1,-1
-1,-1
-1,-1
-1,-1
-1,-1
-1,-1
-1,-1
-1,-1
-1,-1
-1,-1
-1,-1
-1,-1
-1,-1
-1,-1
-1,-1
-1,-1
-1,-1
-1,-1
-1,-1
-1,-1
-1,-1
-1,-1
-1,-1
-1,-1
-1,-1
-1,-1
-1,-1
-1,-1
-1,-1
-1,-1
-1,-1
-1,-1
-1,-1
-1,-1
-1,-1
105356,17
-1,-1
-1,-1
-1,-1
-1,-1
-1,-1
-1,-1
-1,-1
-1,-1
-1,-1
-1,-1
-1,-1
-1,-1
-1,-1
-1,-1
-1,-1
77972,538
-1,-1
-1,-1
