218520,1210,18105829
228028,60,277096
187528,61,330551
186243,70,789202
206379,67,563188
218689,60,274258
239372,44,57171
252709,59,248273
393530,45,67890
187458,69,721904
276635,54,156203
312346,57,218576
103628,99,13036619
240219,51,113021
221026,51,112399
344135,47,80685
209870,41,41603
174546,70,762950
260994,50,101511
289097,25,8000
240897,32,16582
182275,45,66021
418393,9,1000
205897,44,61126
-1,-1
-1,-1
-1,-1
-1,-1
-1,-1
-1,-1
-1,-1
-1,-1
-1,-1
-1,-1
-1,-1
-1,-1
-1,-1
-1,-1
-1,-1
-1,-1
113758,11
-1,-1
-1,-1
-1,-1
-1,-1
-1,-1
-1,-1
-1,-1
-1,-1
-1,-1
-1,-1
-1,-1
-1,-1
-1,-1
-1,-1
-1,-1
-1,-1
-1,-1
-1,-1
-1,-1
-1,-1
-1,-1
-1,-1
-1,-1
-1,-1
-1,-1
-1,-1
-1,-1
-1,-1
-1,-1
-1,-1
-1,-1
-1,-1
-1,-1
-1,-1
-1,-1
-1,-1
-1,-1
-1,-1
-1,-1
118880,17
-1,-1
-1,-1
-1,-1
-1,-1
-1,-1
-1,-1
-1,-1
-1,-1
-1,-1
-1,-1
-1,-1
-1,-1
-1,-1
-1,-1
-1,-1
82433,538
-1,-1
-1,-1
