223357,1167,16862712
223993,60,277076
252771,48,84651
259246,56,192410
237013,60,283127
214815,60,274258
234866,44,57148
248077,59,248195
387898,45,66890
186411,69,691546
325423,46,69322
306602,57,218576
101277,99,13036619
236455,51,112021
216445,51,112399
337504,47,80685
205935,41,41603
171007,70,762946
255781,50,101511
284298,25,8000
237567,31,15582
177065,45,66021
413136,9,1000
201646,44,61126
-1,-1
-1,-1
-1,-1
-1,-1
-1,-1
-1,-1
-1,-1
-1,-1
-1,-1
-1,-1
-1,-1
-1,-1
-1,-1
-1,-1
-1,-1
-1,-1
107668,11
-1,-1
-1,-1
-1,-1
-1,-1
-1,-1
-1,-1
-1,-1
-1,-1
-1,-1
-1,-1
-1,-1
-1,-1
-1,-1
-1,-1
-1,-1
-1,-1
-1,-1
-1,-1
-1,-1
-1,-1
-1,-1
-1,-1
-1,-1
-1,-1
-1,-1
-1,-1
-1,-1
-1,-1
-1,-1
-1,-1
-1,-1
-1,-1
-1,-1
-1,-1
-1,-1
-1,-1
-1,-1
-1,-1
-1,-1
112965,17
-1,-1
-1,-1
-1,-1
-1,-1
-1,-1
-1,-1
-1,-1
-1,-1
-1,-1
-1,-1
-1,-1
-1,-1
-1,-1
-1,-1
-1,-1
80528,538
-1,-1
-1,-1
