229125,1329,20778810
190001,70,741325
201721,68,613669
202468,73,1046587
207633,72,982643
221672,66,516799
283530,44,57196
266065,61,330771
396846,50,109468
194886,71,882465
305377,56,187155
282335,66,510412
120270,99,13037079
276934,51,118861
261626,51,112843
266690,62,339776
245179,41,42686
206537,70,763476
291832,51,115218
242361,48,83017
283026,32,16633
216616,47,82407
292628,35,23757
239099,45,64567
-1,-1
-1,-1
-1,-1
-1,-1
-1,-1
-1,-1
-1,-1
-1,-1
-1,-1
-1,-1
216231,1
-1,-1
-1,-1
-1,-1
-1,-1
-1,-1
155072,14
-1,-1
-1,-1
-1,-1
-1,-1
-1,-1
-1,-1
-1,-1
-1,-1
-1,-1
-1,-1
-1,-1
-1,-1
-1,-1
-1,-1
-1,-1
-1,-1
-1,-1
-1,-1
-1,-1
-1,-1
-1,-1
-1,-1
-1,-1
-1,-1
-1,-1
-1,-1
-1,-1
-1,-1
-1,-1
-1,-1
-1,-1
-1,-1
-1,-1
-1,-1
-1,-1
-1,-1
-1,-1
-1,-1
-1,-1
-1,-1
-1,-1
54205,7
-1,-1
-1,-1
-1,-1
112320,50
-1,-1
-1,-1
-1,-1
-1,-1
-1,-1
-1,-1
-1,-1
-1,-1
-1,-1
-1,-1
-1,-1
-1,-1
-1,-1
-1,-1
-1,-1
-1,-1
96500,538
-1,-1
-1,-1
