218521,1210,18105829
228030,60,277096
187527,61,330551
186242,70,789202
206381,67,563188
218693,60,274258
239373,44,57171
252710,59,248273
393527,45,67890
187463,69,721904
276635,54,156203
312344,57,218576
103628,99,13036619
240216,51,113021
221027,51,112399
344135,47,80685
209873,41,41603
174545,70,762950
260995,50,101511
289097,25,8000
240898,32,16582
182271,45,66021
418391,9,1000
205897,44,61126
-1,-1
-1,-1
-1,-1
-1,-1
-1,-1
-1,-1
-1,-1
-1,-1
-1,-1
-1,-1
-1,-1
-1,-1
-1,-1
-1,-1
-1,-1
-1,-1
113759,11
-1,-1
-1,-1
-1,-1
-1,-1
-1,-1
-1,-1
-1,-1
-1,-1
-1,-1
-1,-1
-1,-1
-1,-1
-1,-1
-1,-1
-1,-1
-1,-1
-1,-1
-1,-1
-1,-1
-1,-1
-1,-1
-1,-1
-1,-1
-1,-1
-1,-1
-1,-1
-1,-1
-1,-1
-1,-1
-1,-1
-1,-1
-1,-1
-1,-1
-1,-1
-1,-1
-1,-1
-1,-1
-1,-1
-1,-1
118880,17
-1,-1
-1,-1
-1,-1
-1,-1
-1,-1
-1,-1
-1,-1
-1,-1
-1,-1
-1,-1
-1,-1
-1,-1
-1,-1
-1,-1
-1,-1
82432,538
-1,-1
-1,-1
