286736,1330,20778810
243429,70,741325
257482,68,613669
259229,73,1046587
264638,72,982643
275066,66,516799
353138,44,57196
332026,61,330771
476596,50,109468
243064,71,882465
369759,56,187155
338162,66,510412
140379,99,13037079
343531,51,118861
326840,51,112843
336308,62,339776
302544,41,42686
258658,70,763476
370521,51,115218
297506,48,83017
356005,32,16633
281611,47,82407
363872,35,23757
295291,45,64567
-1,1,0
-1,-1
-1,-1
-1,-1
-1,-1
-1,-1
-1,-1
-1,-1
-1,-1
-1,-1
-1,-1
-1,-1
256979,1
-1,-1
-1,-1
-1,-1
-1,-1
-1,-1
219875,14
-1,-1
-1,-1
-1,-1
-1,-1
-1,-1
-1,-1
-1,-1
-1,-1
-1,-1
-1,-1
-1,-1
-1,-1
-1,-1
-1,-1
-1,-1
-1,-1
-1,-1
-1,-1
-1,-1
-1,-1
-1,-1
-1,-1
-1,-1
-1,-1
-1,-1
-1,-1
-1,-1
-1,-1
-1,-1
-1,-1
-1,-1
-1,-1
-1,-1
-1,-1
-1,-1
-1,-1
-1,-1
-1,-1
-1,-1
-1,-1
-1,-1
-1,-1
-1,-1
95858,7
-1,-1
-1,-1
-1,-1
-1,-1
157828,50
-1,-1
-1,-1
-1,-1
-1,-1
-1,-1
-1,-1
-1,-1
-1,-1
-1,-1
-1,-1
-1,-1
-1,-1
-1,-1
-1,-1
-1,-1
-1,-1
-1,-1
114651,538
-1,-1
-1,-1
-1,-1
