213725,1329,20778810
177104,70,741325
188152,68,613669
188622,73,1046587
193609,72,982643
207643,66,516799
264500,44,57196
248034,61,330771
374606,50,109468
180851,71,882465
287664,56,187155
266266,66,510412
113321,99,13037079
258852,51,118861
243837,51,112843
246989,62,339776
229477,41,42686
191495,70,763476
272338,51,115218
226998,48,83017
265260,32,16633
198317,47,82407
274803,35,23757
224095,45,64567
-1,-1
-1,-1
-1,-1
-1,-1
-1,-1
-1,-1
-1,-1
-1,-1
-1,-1
-1,-1
204455,1
-1,-1
-1,-1
-1,-1
-1,-1
-1,-1
136101,14
-1,-1
-1,-1
-1,-1
-1,-1
-1,-1
-1,-1
-1,-1
-1,-1
-1,-1
-1,-1
-1,-1
-1,-1
-1,-1
-1,-1
-1,-1
-1,-1
-1,-1
-1,-1
-1,-1
-1,-1
-1,-1
-1,-1
-1,-1
-1,-1
-1,-1
-1,-1
-1,-1
-1,-1
-1,-1
-1,-1
-1,-1
-1,-1
-1,-1
-1,-1
-1,-1
-1,-1
-1,-1
-1,-1
-1,-1
40995,7
-1,-1
-1,-1
-1,-1
101650,50
-1,-1
-1,-1
-1,-1
-1,-1
-1,-1
-1,-1
-1,-1
-1,-1
-1,-1
-1,-1
-1,-1
-1,-1
-1,-1
-1,-1
-1,-1
90990,538
-1,-1
-1,-1
