207548,1329,20778810
171911,70,741325
182710,68,613669
183359,73,1046587
187957,72,982643
202004,66,516799
256579,44,57196
240593,61,330771
365486,50,109468
175202,71,882465
279744,56,187155
259550,66,510412
110162,99,13037079
251701,51,118861
236720,51,112843
238896,62,339776
222993,41,42686
185842,70,763476
264583,51,115218
220616,48,83017
257810,32,16633
190938,47,82407
267342,35,23757
217637,45,64567
-1,-1
-1,-1
-1,-1
-1,-1
-1,-1
-1,-1
-1,-1
-1,-1
-1,-1
-1,-1
199836,1
-1,-1
-1,-1
-1,-1
-1,-1
-1,-1
128291,14
-1,-1
-1,-1
-1,-1
-1,-1
-1,-1
-1,-1
-1,-1
-1,-1
-1,-1
-1,-1
-1,-1
-1,-1
-1,-1
-1,-1
-1,-1
-1,-1
-1,-1
-1,-1
-1,-1
-1,-1
-1,-1
-1,-1
-1,-1
-1,-1
-1,-1
-1,-1
-1,-1
-1,-1
-1,-1
-1,-1
-1,-1
-1,-1
-1,-1
-1,-1
-1,-1
-1,-1
-1,-1
-1,-1
-1,-1
34616,7
-1,-1
-1,-1
-1,-1
97245,50
-1,-1
-1,-1
-1,-1
-1,-1
-1,-1
-1,-1
-1,-1
-1,-1
-1,-1
-1,-1
-1,-1
-1,-1
-1,-1
-1,-1
-1,-1
88531,538
-1,-1
-1,-1
