220968,1210,18105829
230481,60,277096
189611,61,330551
188337,70,789202
208607,67,563188
220999,60,274258
242051,44,57171
255360,59,248273
397610,45,67890
189904,69,721904
279787,54,156203
315750,57,218576
104995,99,13036619
242978,51,113021
223659,51,112399
347900,47,80685
212140,41,41603
176532,70,762950
263947,50,101511
291956,25,8000
243652,32,16582
185222,45,66021
421476,9,1000
208473,44,61126
-1,-1
-1,-1
-1,-1
-1,-1
-1,-1
-1,-1
-1,-1
-1,-1
-1,-1
-1,-1
-1,-1
-1,-1
-1,-1
-1,-1
-1,-1
-1,-1
117160,11
-1,-1
-1,-1
-1,-1
-1,-1
-1,-1
-1,-1
-1,-1
-1,-1
-1,-1
-1,-1
-1,-1
-1,-1
-1,-1
-1,-1
-1,-1
-1,-1
-1,-1
-1,-1
-1,-1
-1,-1
-1,-1
-1,-1
-1,-1
-1,-1
-1,-1
-1,-1
-1,-1
-1,-1
-1,-1
-1,-1
-1,-1
-1,-1
-1,-1
-1,-1
-1,-1
-1,-1
-1,-1
-1,-1
-1,-1
-1,-1
122076,17
-1,-1
-1,-1
-1,-1
-1,-1
-1,-1
-1,-1
-1,-1
-1,-1
-1,-1
-1,-1
-1,-1
-1,-1
-1,-1
-1,-1
-1,-1
83579,538
-1,-1
-1,-1
