286662,1330,20778810
243358,70,741325
257435,68,613669
259171,73,1046587
264569,72,982643
275004,66,516799
353063,44,57196
331947,61,330771
476496,50,109468
242980,71,882465
369670,56,187155
338097,66,510412
140350,99,13037079
343457,51,118861
326763,51,112843
336224,62,339776
302482,41,42686
258596,70,763476
370414,51,115218
297440,48,83017
355907,32,16633
281532,47,82407
363778,35,23757
295209,45,64567
-1,1,0
-1,-1
-1,-1
-1,-1
-1,-1
-1,-1
-1,-1
-1,-1
-1,-1
-1,-1
-1,-1
-1,-1
256910,1
-1,-1
-1,-1
-1,-1
-1,-1
-1,-1
219806,14
-1,-1
-1,-1
-1,-1
-1,-1
-1,-1
-1,-1
-1,-1
-1,-1
-1,-1
-1,-1
-1,-1
-1,-1
-1,-1
-1,-1
-1,-1
-1,-1
-1,-1
-1,-1
-1,-1
-1,-1
-1,-1
-1,-1
-1,-1
-1,-1
-1,-1
-1,-1
-1,-1
-1,-1
-1,-1
-1,-1
-1,-1
-1,-1
-1,-1
-1,-1
-1,-1
-1,-1
-1,-1
-1,-1
-1,-1
-1,-1
-1,-1
-1,-1
-1,-1
95807,7
-1,-1
-1,-1
-1,-1
-1,-1
157773,50
-1,-1
-1,-1
-1,-1
-1,-1
-1,-1
-1,-1
-1,-1
-1,-1
-1,-1
-1,-1
-1,-1
-1,-1
-1,-1
-1,-1
-1,-1
-1,-1
-1,-1
114636,538
-1,-1
-1,-1
-1,-1
