231630,1329,20778810
192106,70,741325
203828,68,613669
204696,73,1046587
209961,72,982643
223951,66,516799
286685,44,57196
269047,61,330771
400541,50,109468
197200,71,882465
308068,56,187155
285046,66,510412
121298,99,13037079
279829,51,118861
264579,51,112843
270000,62,339776
247784,41,42686
208903,70,763476
295103,51,115218
244933,48,83017
286048,32,16633
219680,47,82407
295606,35,23757
241573,45,64567
-1,-1
-1,-1
-1,-1
-1,-1
-1,-1
-1,-1
-1,-1
-1,-1
-1,-1
-1,-1
218263,1
-1,-1
-1,-1
-1,-1
-1,-1
-1,-1
158218,14
-1,-1
-1,-1
-1,-1
-1,-1
-1,-1
-1,-1
-1,-1
-1,-1
-1,-1
-1,-1
-1,-1
-1,-1
-1,-1
-1,-1
-1,-1
-1,-1
-1,-1
-1,-1
-1,-1
-1,-1
-1,-1
-1,-1
-1,-1
-1,-1
-1,-1
-1,-1
-1,-1
-1,-1
-1,-1
-1,-1
-1,-1
-1,-1
-1,-1
-1,-1
-1,-1
-1,-1
-1,-1
-1,-1
-1,-1
-1,-1
-1,-1
56284,7
-1,-1
-1,-1
-1,-1
114081,50
-1,-1
-1,-1
-1,-1
-1,-1
-1,-1
-1,-1
-1,-1
-1,-1
-1,-1
-1,-1
-1,-1
-1,-1
-1,-1
-1,-1
-1,-1
-1,-1
97298,538
-1,-1
-1,-1
