237023,1329,20778810
196887,70,741325
208769,68,613669
209846,73,1046587
215072,72,982643
228962,66,516799
293674,44,57196
275541,61,330771
408477,50,109468
202057,71,882465
314082,56,187155
290752,66,510412
123653,99,13037079
286355,51,118861
271238,51,112843
277085,62,339776
253595,41,42686
214034,70,763476
302598,51,115218
250428,48,83017
292910,32,16633
226134,47,82407
302543,35,23757
246896,45,64567
-1,-1
-1,-1
-1,-1
-1,-1
-1,-1
-1,-1
-1,-1
-1,-1
-1,-1
-1,-1
222616,1
-1,-1
-1,-1
-1,-1
-1,-1
-1,-1
164741,14
-1,-1
-1,-1
-1,-1
-1,-1
-1,-1
-1,-1
-1,-1
-1,-1
-1,-1
-1,-1
-1,-1
-1,-1
-1,-1
-1,-1
-1,-1
-1,-1
-1,-1
-1,-1
-1,-1
-1,-1
-1,-1
-1,-1
-1,-1
-1,-1
-1,-1
-1,-1
-1,-1
-1,-1
-1,-1
-1,-1
-1,-1
-1,-1
-1,-1
-1,-1
-1,-1
-1,-1
-1,-1
-1,-1
-1,-1
-1,-1
-1,-1
-1,-1
61044,7
-1,-1
-1,-1
-1,-1
118210,50
-1,-1
-1,-1
-1,-1
-1,-1
-1,-1
-1,-1
-1,-1
-1,-1
-1,-1
-1,-1
-1,-1
-1,-1
-1,-1
-1,-1
-1,-1
-1,-1
-1,-1
99098,538
-1,-1
-1,-1
