208264,1296,20027282
171113,70,738737
177044,68,612302
179246,73,1011649
183712,72,959248
201352,65,451775
248857,44,57196
234591,61,326397
390262,47,80310
169616,71,882465
271874,56,187155
323349,57,218576
107248,99,13036929
247029,51,115711
229723,51,112724
357454,47,80686
216581,41,42526
180833,70,762991
256287,51,115218
221046,45,67106
250145,32,16633
192004,45,66021
259940,35,22700
213181,45,62227
-1,-1
-1,-1
-1,-1
-1,-1
-1,-1
-1,-1
-1,-1
-1,-1
-1,-1
-1,-1
195975,1
-1,-1
-1,-1
-1,-1
-1,-1
-1,-1
124533,11
-1,-1
-1,-1
-1,-1
-1,-1
-1,-1
-1,-1
-1,-1
-1,-1
-1,-1
-1,-1
-1,-1
-1,-1
-1,-1
-1,-1
-1,-1
-1,-1
-1,-1
-1,-1
-1,-1
-1,-1
-1,-1
-1,-1
-1,-1
-1,-1
-1,-1
-1,-1
-1,-1
-1,-1
-1,-1
-1,-1
-1,-1
-1,-1
-1,-1
-1,-1
-1,-1
-1,-1
-1,-1
-1,-1
-1,-1
27610,7
-1,-1
-1,-1
-1,-1
128862,17
-1,-1
-1,-1
-1,-1
-1,-1
-1,-1
-1,-1
-1,-1
-1,-1
-1,-1
-1,-1
-1,-1
-1,-1
-1,-1
-1,-1
-1,-1
85930,538
-1,-1
-1,-1
