247320,1329,20778810
205947,70,741325
218277,68,613669
219137,73,1046587
224633,72,982643
238161,66,516799
306946,44,57196
287830,61,330771
423631,50,109468
210681,71,882465
325212,56,187155
301273,66,510412
127830,99,13037079
299184,51,118861
283705,51,112843
290475,62,339776
264374,41,42686
224341,70,763476
317192,51,115218
260868,48,83017
306744,32,16633
238284,47,82407
316075,35,23757
256905,45,64567
-1,-1
-1,-1
-1,-1
-1,-1
-1,-1
-1,-1
-1,-1
-1,-1
-1,-1
-1,-1
230555,1
-1,-1
-1,-1
-1,-1
-1,-1
-1,-1
177010,14
-1,-1
-1,-1
-1,-1
-1,-1
-1,-1
-1,-1
-1,-1
-1,-1
-1,-1
-1,-1
-1,-1
-1,-1
-1,-1
-1,-1
-1,-1
-1,-1
-1,-1
-1,-1
-1,-1
-1,-1
-1,-1
-1,-1
-1,-1
-1,-1
-1,-1
-1,-1
-1,-1
-1,-1
-1,-1
-1,-1
-1,-1
-1,-1
-1,-1
-1,-1
-1,-1
-1,-1
-1,-1
-1,-1
-1,-1
-1,-1
-1,-1
-1,-1
70006,7
-1,-1
-1,-1
-1,-1
126360,50
-1,-1
-1,-1
-1,-1
-1,-1
-1,-1
-1,-1
-1,-1
-1,-1
-1,-1
-1,-1
-1,-1
-1,-1
-1,-1
-1,-1
-1,-1
-1,-1
-1,-1
102648,538
-1,-1
-1,-1
-1,-1
