290671,1330,20778810
247319,70,741325
261405,68,613669
263138,73,1046587
268657,72,982643
278958,66,516799
357929,44,57196
336477,61,330771
481346,50,109468
246679,71,882465
373137,56,187155
341754,66,510412
140748,99,13037079
347504,51,118861
331412,51,112843
340701,62,339776
306469,41,42686
261621,70,763476
374842,51,115218
301738,48,83017
360072,32,16633
285163,47,82407
367944,35,23757
298813,45,64567
-1,1,0
-1,-1
-1,-1
-1,-1
-1,-1
-1,-1
-1,-1
-1,-1
-1,-1
-1,-1
-1,-1
-1,-1
260104,1
-1,-1
-1,-1
-1,-1
-1,-1
-1,-1
223438,14
-1,-1
-1,-1
-1,-1
-1,-1
-1,-1
-1,-1
-1,-1
-1,-1
-1,-1
-1,-1
-1,-1
-1,-1
-1,-1
-1,-1
-1,-1
-1,-1
-1,-1
-1,-1
-1,-1
-1,-1
-1,-1
-1,-1
-1,-1
-1,-1
-1,-1
-1,-1
-1,-1
-1,-1
-1,-1
-1,-1
-1,-1
-1,-1
-1,-1
-1,-1
-1,-1
-1,-1
-1,-1
-1,-1
-1,-1
-1,-1
-1,-1
-1,-1
-1,-1
98604,7
-1,-1
-1,-1
-1,-1
-1,-1
160664,50
-1,-1
-1,-1
-1,-1
-1,-1
-1,-1
-1,-1
-1,-1
-1,-1
-1,-1
-1,-1
-1,-1
-1,-1
-1,-1
-1,-1
-1,-1
-1,-1
-1,-1
114509,538
-1,-1
-1,-1
-1,-1
