240125,1329,20778810
199741,70,741325
211765,68,613669
212707,73,1046587
218020,72,982643
231838,66,516799
297812,44,57196
279302,61,330771
413044,50,109468
204775,71,882465
317418,56,187155
293856,66,510412
124885,99,13037079
290146,51,118861
275020,51,112843
281153,62,339776
256950,41,42686
217109,70,763476
306944,51,115218
253643,48,83017
297180,32,16633
229667,47,82407
306714,35,23757
250031,45,64567
-1,-1
-1,-1
-1,-1
-1,-1
-1,-1
-1,-1
-1,-1
-1,-1
-1,-1
-1,-1
225185,1
-1,-1
-1,-1
-1,-1
-1,-1
-1,-1
168273,14
-1,-1
-1,-1
-1,-1
-1,-1
-1,-1
-1,-1
-1,-1
-1,-1
-1,-1
-1,-1
-1,-1
-1,-1
-1,-1
-1,-1
-1,-1
-1,-1
-1,-1
-1,-1
-1,-1
-1,-1
-1,-1
-1,-1
-1,-1
-1,-1
-1,-1
-1,-1
-1,-1
-1,-1
-1,-1
-1,-1
-1,-1
-1,-1
-1,-1
-1,-1
-1,-1
-1,-1
-1,-1
-1,-1
-1,-1
-1,-1
-1,-1
-1,-1
64055,7
-1,-1
-1,-1
-1,-1
120561,50
-1,-1
-1,-1
-1,-1
-1,-1
-1,-1
-1,-1
-1,-1
-1,-1
-1,-1
-1,-1
-1,-1
-1,-1
-1,-1
-1,-1
-1,-1
-1,-1
-1,-1
100094,538
-1,-1
-1,-1
