225583,1167,16862712
225946,60,277076
255059,48,84651
261538,56,192410
239175,60,283127
216612,60,274258
237110,44,57148
250432,59,248195
391477,45,66890
188695,69,691546
328549,46,69322
309442,57,218576
102296,99,13036619
238859,51,112021
218704,51,112399
340907,47,80685
207850,41,41603
172550,70,762946
258437,50,101511
286689,25,8000
240002,31,15582
179776,45,66021
415871,9,1000
203738,44,61126
-1,-1
-1,-1
-1,-1
-1,-1
-1,-1
-1,-1
-1,-1
-1,-1
-1,-1
-1,-1
-1,-1
-1,-1
-1,-1
-1,-1
-1,-1
-1,-1
111013,11
-1,-1
-1,-1
-1,-1
-1,-1
-1,-1
-1,-1
-1,-1
-1,-1
-1,-1
-1,-1
-1,-1
-1,-1
-1,-1
-1,-1
-1,-1
-1,-1
-1,-1
-1,-1
-1,-1
-1,-1
-1,-1
-1,-1
-1,-1
-1,-1
-1,-1
-1,-1
-1,-1
-1,-1
-1,-1
-1,-1
-1,-1
-1,-1
-1,-1
-1,-1
-1,-1
-1,-1
-1,-1
-1,-1
-1,-1
116299,17
-1,-1
-1,-1
-1,-1
-1,-1
-1,-1
-1,-1
-1,-1
-1,-1
-1,-1
-1,-1
-1,-1
-1,-1
-1,-1
-1,-1
-1,-1
81343,538
-1,-1
-1,-1
