229172,1329,20778810
190041,70,741325
201745,68,613669
202499,73,1046587
207665,72,982643
221706,66,516799
283579,44,57196
266113,61,330771
396924,50,109468
194920,71,882465
305425,56,187155
282390,66,510412
120290,99,13037079
276987,51,118861
261673,51,112843
266755,62,339776
245232,41,42686
206574,70,763476
291896,51,115218
242406,48,83017
283083,32,16633
216665,47,82407
292692,35,23757
239139,45,64567
-1,-1
-1,-1
-1,-1
-1,-1
-1,-1
-1,-1
-1,-1
-1,-1
-1,-1
-1,-1
216259,1
-1,-1
-1,-1
-1,-1
-1,-1
-1,-1
155120,14
-1,-1
-1,-1
-1,-1
-1,-1
-1,-1
-1,-1
-1,-1
-1,-1
-1,-1
-1,-1
-1,-1
-1,-1
-1,-1
-1,-1
-1,-1
-1,-1
-1,-1
-1,-1
-1,-1
-1,-1
-1,-1
-1,-1
-1,-1
-1,-1
-1,-1
-1,-1
-1,-1
-1,-1
-1,-1
-1,-1
-1,-1
-1,-1
-1,-1
-1,-1
-1,-1
-1,-1
-1,-1
-1,-1
-1,-1
-1,-1
-1,-1
54232,7
-1,-1
-1,-1
-1,-1
112356,50
-1,-1
-1,-1
-1,-1
-1,-1
-1,-1
-1,-1
-1,-1
-1,-1
-1,-1
-1,-1
-1,-1
-1,-1
-1,-1
-1,-1
-1,-1
-1,-1
96522,538
-1,-1
-1,-1
