229210,1329,20778810
190071,70,741325
201784,68,613669
202536,73,1046587
207702,72,982643
221741,66,516799
283614,44,57196
266178,61,330771
396981,50,109468
194953,71,882465
305471,56,187155
282419,66,510412
120307,99,13037079
277029,51,118861
261721,51,112843
266806,62,339776
245261,41,42686
206618,70,763476
291942,51,115218
242449,48,83017
283129,32,16633
216705,47,82407
292751,35,23757
239176,45,64567
-1,-1
-1,-1
-1,-1
-1,-1
-1,-1
-1,-1
-1,-1
-1,-1
-1,-1
-1,-1
216285,1
-1,-1
-1,-1
-1,-1
-1,-1
-1,-1
155160,14
-1,-1
-1,-1
-1,-1
-1,-1
-1,-1
-1,-1
-1,-1
-1,-1
-1,-1
-1,-1
-1,-1
-1,-1
-1,-1
-1,-1
-1,-1
-1,-1
-1,-1
-1,-1
-1,-1
-1,-1
-1,-1
-1,-1
-1,-1
-1,-1
-1,-1
-1,-1
-1,-1
-1,-1
-1,-1
-1,-1
-1,-1
-1,-1
-1,-1
-1,-1
-1,-1
-1,-1
-1,-1
-1,-1
-1,-1
-1,-1
-1,-1
54262,7
-1,-1
-1,-1
-1,-1
112386,50
-1,-1
-1,-1
-1,-1
-1,-1
-1,-1
-1,-1
-1,-1
-1,-1
-1,-1
-1,-1
-1,-1
-1,-1
-1,-1
-1,-1
-1,-1
-1,-1
96539,538
-1,-1
-1,-1
