210815,1329,20778810
174689,70,741325
185555,68,613669
186109,73,1046587
190909,72,982643
205001,66,516799
260640,44,57196
244412,61,330771
370146,50,109468
178177,71,882465
283930,56,187155
263039,66,510412
111872,99,13037079
255361,51,118861
240280,51,112843
243069,62,339776
226298,41,42686
188829,70,763476
268543,51,115218
223931,48,83017
261620,32,16633
194794,47,82407
271202,35,23757
221024,45,64567
-1,-1
-1,-1
-1,-1
-1,-1
-1,-1
-1,-1
-1,-1
-1,-1
-1,-1
-1,-1
202200,1
-1,-1
-1,-1
-1,-1
-1,-1
-1,-1
132415,14
-1,-1
-1,-1
-1,-1
-1,-1
-1,-1
-1,-1
-1,-1
-1,-1
-1,-1
-1,-1
-1,-1
-1,-1
-1,-1
-1,-1
-1,-1
-1,-1
-1,-1
-1,-1
-1,-1
-1,-1
-1,-1
-1,-1
-1,-1
-1,-1
-1,-1
-1,-1
-1,-1
-1,-1
-1,-1
-1,-1
-1,-1
-1,-1
-1,-1
-1,-1
-1,-1
-1,-1
-1,-1
-1,-1
-1,-1
37964,7
-1,-1
-1,-1
-1,-1
99560,50
-1,-1
-1,-1
-1,-1
-1,-1
-1,-1
-1,-1
-1,-1
-1,-1
-1,-1
-1,-1
-1,-1
-1,-1
-1,-1
-1,-1
-1,-1
89862,538
-1,-1
-1,-1
