210798,1329,20778810
174673,70,741325
185542,68,613669
186082,73,1046587
190887,72,982643
204980,66,516799
260617,44,57196
244399,61,330771
370123,50,109468
178156,71,882465
283927,56,187155
263032,66,510412
111881,99,13037079
255339,51,118861
240259,51,112843
243046,62,339776
226268,41,42686
188832,70,763476
268538,51,115218
223919,48,83017
261603,32,16633
194786,47,82407
271190,35,23757
221008,45,64567
-1,-1
-1,-1
-1,-1
-1,-1
-1,-1
-1,-1
-1,-1
-1,-1
-1,-1
-1,-1
202179,1
-1,-1
-1,-1
-1,-1
-1,-1
-1,-1
132411,14
-1,-1
-1,-1
-1,-1
-1,-1
-1,-1
-1,-1
-1,-1
-1,-1
-1,-1
-1,-1
-1,-1
-1,-1
-1,-1
-1,-1
-1,-1
-1,-1
-1,-1
-1,-1
-1,-1
-1,-1
-1,-1
-1,-1
-1,-1
-1,-1
-1,-1
-1,-1
-1,-1
-1,-1
-1,-1
-1,-1
-1,-1
-1,-1
-1,-1
-1,-1
-1,-1
-1,-1
-1,-1
-1,-1
-1,-1
37948,7
-1,-1
-1,-1
-1,-1
99559,50
-1,-1
-1,-1
-1,-1
-1,-1
-1,-1
-1,-1
-1,-1
-1,-1
-1,-1
-1,-1
-1,-1
-1,-1
-1,-1
-1,-1
-1,-1
89874,538
-1,-1
-1,-1
