231697,1329,20778810
192156,70,741325
203886,68,613669
204762,73,1046587
210020,72,982643
224019,66,516799
286784,44,57196
269135,61,330771
400650,50,109468
197248,71,882465
308151,56,187155
285126,66,510412
121340,99,13037079
279932,51,118861
264664,51,112843
270102,62,339776
247870,41,42686
208981,70,763476
295216,51,115218
245016,48,83017
286153,32,16633
219775,47,82407
295701,35,23757
241650,45,64567
-1,-1
-1,-1
-1,-1
-1,-1
-1,-1
-1,-1
-1,-1
-1,-1
-1,-1
-1,-1
218326,1
-1,-1
-1,-1
-1,-1
-1,-1
-1,-1
158314,14
-1,-1
-1,-1
-1,-1
-1,-1
-1,-1
-1,-1
-1,-1
-1,-1
-1,-1
-1,-1
-1,-1
-1,-1
-1,-1
-1,-1
-1,-1
-1,-1
-1,-1
-1,-1
-1,-1
-1,-1
-1,-1
-1,-1
-1,-1
-1,-1
-1,-1
-1,-1
-1,-1
-1,-1
-1,-1
-1,-1
-1,-1
-1,-1
-1,-1
-1,-1
-1,-1
-1,-1
-1,-1
-1,-1
-1,-1
-1,-1
-1,-1
56341,7
-1,-1
-1,-1
-1,-1
114133,50
-1,-1
-1,-1
-1,-1
-1,-1
-1,-1
-1,-1
-1,-1
-1,-1
-1,-1
-1,-1
-1,-1
-1,-1
-1,-1
-1,-1
-1,-1
-1,-1
97322,538
-1,-1
-1,-1
