220623,1329,20778810
182733,70,741325
194135,68,613669
194603,73,1046587
199813,72,982643
213887,66,516799
273056,44,57196
256138,61,330771
384866,50,109468
187155,71,882465
295650,56,187155
273700,66,510412
116127,99,13037079
266893,51,118861
251899,51,112843
255876,62,339776
236570,41,42686
197980,70,763476
281095,51,115218
233717,48,83017
273232,32,16633
206573,47,82407
282888,35,23757
230895,45,64567
-1,-1
-1,-1
-1,-1
-1,-1
-1,-1
-1,-1
-1,-1
-1,-1
-1,-1
-1,-1
209748,1
-1,-1
-1,-1
-1,-1
-1,-1
-1,-1
144721,14
-1,-1
-1,-1
-1,-1
-1,-1
-1,-1
-1,-1
-1,-1
-1,-1
-1,-1
-1,-1
-1,-1
-1,-1
-1,-1
-1,-1
-1,-1
-1,-1
-1,-1
-1,-1
-1,-1
-1,-1
-1,-1
-1,-1
-1,-1
-1,-1
-1,-1
-1,-1
-1,-1
-1,-1
-1,-1
-1,-1
-1,-1
-1,-1
-1,-1
-1,-1
-1,-1
-1,-1
-1,-1
-1,-1
-1,-1
-1,-1
-1,-1
46963,7
-1,-1
-1,-1
-1,-1
106570,50
-1,-1
-1,-1
-1,-1
-1,-1
-1,-1
-1,-1
-1,-1
-1,-1
-1,-1
-1,-1
-1,-1
-1,-1
-1,-1
-1,-1
-1,-1
-1,-1
93170,538
-1,-1
-1,-1
