213425,1163,16793966
213839,60,277076
241540,48,84651
263530,53,140806
229371,59,265985
204922,60,274258
223818,44,57148
236524,59,248195
371378,45,66890
174863,69,691546
309920,46,69322
292616,57,218576
95170,99,13036619
223651,51,112021
205011,51,112399
320159,47,80685
196106,41,41603
161581,70,762946
243203,50,101511
272343,25,8000
225965,31,15582
163390,45,66021
403408,9,1000
191019,44,61126
-1,-1
-1,-1
-1,-1
-1,-1
-1,-1
-1,-1
-1,-1
-1,-1
-1,-1
-1,-1
-1,-1
-1,-1
-1,-1
-1,-1
-1,-1
91648,11
-1,-1
-1,-1
-1,-1
-1,-1
-1,-1
-1,-1
-1,-1
-1,-1
-1,-1
-1,-1
-1,-1
-1,-1
-1,-1
-1,-1
-1,-1
-1,-1
-1,-1
-1,-1
-1,-1
-1,-1
-1,-1
-1,-1
-1,-1
-1,-1
-1,-1
-1,-1
-1,-1
-1,-1
-1,-1
-1,-1
-1,-1
-1,-1
-1,-1
-1,-1
-1,-1
-1,-1
-1,-1
-1,-1
97385,17
-1,-1
-1,-1
-1,-1
-1,-1
-1,-1
-1,-1
-1,-1
-1,-1
-1,-1
-1,-1
-1,-1
-1,-1
75338,538
-1,-1
-1,-1
