260402,1329,20778810
219131,70,741325
232728,68,613669
233970,73,1046587
239218,72,982643
251685,66,516799
324515,44,57196
303439,61,330771
444773,50,109468
220261,71,882465
341367,56,187155
314161,66,510412
132421,99,13037079
314995,51,118861
298725,51,112843
305590,62,339776
277951,41,42686
235422,70,763476
336659,51,115218
273199,48,83017
325198,32,16633
254974,47,82407
333473,35,23757
268994,45,64567
-1,-1
-1,-1
-1,-1
-1,-1
-1,-1
-1,-1
-1,-1
-1,-1
-1,-1
-1,-1
239690,1
-1,-1
-1,-1
-1,-1
-1,-1
-1,-1
193636,14
-1,-1
-1,-1
-1,-1
-1,-1
-1,-1
-1,-1
-1,-1
-1,-1
-1,-1
-1,-1
-1,-1
-1,-1
-1,-1
-1,-1
-1,-1
-1,-1
-1,-1
-1,-1
-1,-1
-1,-1
-1,-1
-1,-1
-1,-1
-1,-1
-1,-1
-1,-1
-1,-1
-1,-1
-1,-1
-1,-1
-1,-1
-1,-1
-1,-1
-1,-1
-1,-1
-1,-1
-1,-1
-1,-1
-1,-1
-1,-1
-1,-1
-1,-1
-1,-1
80175,7
-1,-1
-1,-1
-1,-1
137186,50
-1,-1
-1,-1
-1,-1
-1,-1
-1,-1
-1,-1
-1,-1
-1,-1
-1,-1
-1,-1
-1,-1
-1,-1
-1,-1
-1,-1
-1,-1
-1,-1
-1,-1
107083,538
-1,-1
-1,-1
-1,-1
