223766,1210,18105829
233398,60,277096
191940,61,330551
190862,70,789202
211215,67,563188
223674,60,274258
245256,44,57171
258424,59,248273
402298,45,67890
192654,69,721904
283225,54,156203
319413,57,218576
106414,99,13036619
246041,51,113021
226781,51,112399
352370,47,80685
214726,41,41603
178577,70,762950
267439,50,101511
295466,25,8000
246722,32,16582
188395,45,66021
424970,9,1000
211239,44,61126
-1,-1
-1,-1
-1,-1
-1,-1
-1,-1
-1,-1
-1,-1
-1,-1
-1,-1
-1,-1
-1,-1
-1,-1
-1,-1
-1,-1
-1,-1
-1,-1
120729,11
-1,-1
-1,-1
-1,-1
-1,-1
-1,-1
-1,-1
-1,-1
-1,-1
-1,-1
-1,-1
-1,-1
-1,-1
-1,-1
-1,-1
-1,-1
-1,-1
-1,-1
-1,-1
-1,-1
-1,-1
-1,-1
-1,-1
-1,-1
-1,-1
-1,-1
-1,-1
-1,-1
-1,-1
-1,-1
-1,-1
-1,-1
-1,-1
-1,-1
-1,-1
-1,-1
-1,-1
-1,-1
-1,-1
-1,-1
-1,-1
125408,17
-1,-1
-1,-1
-1,-1
-1,-1
-1,-1
-1,-1
-1,-1
-1,-1
-1,-1
-1,-1
-1,-1
-1,-1
-1,-1
-1,-1
-1,-1
84705,538
-1,-1
-1,-1
