223799,1210,18105829
233418,60,277096
191963,61,330551
190876,70,789202
211241,67,563188
223698,60,274258
245275,44,57171
258458,59,248273
402341,45,67890
192679,69,721904
283244,54,156203
319433,57,218576
106421,99,13036619
246054,51,113021
226817,51,112399
352421,47,80685
214745,41,41603
178582,70,762950
267465,50,101511
295496,25,8000
246736,32,16582
188417,45,66021
424999,9,1000
211249,44,61126
-1,-1
-1,-1
-1,-1
-1,-1
-1,-1
-1,-1
-1,-1
-1,-1
-1,-1
-1,-1
-1,-1
-1,-1
-1,-1
-1,-1
-1,-1
-1,-1
120756,11
-1,-1
-1,-1
-1,-1
-1,-1
-1,-1
-1,-1
-1,-1
-1,-1
-1,-1
-1,-1
-1,-1
-1,-1
-1,-1
-1,-1
-1,-1
-1,-1
-1,-1
-1,-1
-1,-1
-1,-1
-1,-1
-1,-1
-1,-1
-1,-1
-1,-1
-1,-1
-1,-1
-1,-1
-1,-1
-1,-1
-1,-1
-1,-1
-1,-1
-1,-1
-1,-1
-1,-1
-1,-1
-1,-1
-1,-1
-1,-1
125428,17
-1,-1
-1,-1
-1,-1
-1,-1
-1,-1
-1,-1
-1,-1
-1,-1
-1,-1
-1,-1
-1,-1
-1,-1
-1,-1
-1,-1
-1,-1
84706,538
-1,-1
-1,-1
