260262,1329,20778810
218953,70,741325
232554,68,613669
233776,73,1046587
239025,72,982643
251511,66,516799
324319,44,57196
303260,61,330771
444557,50,109468
220146,71,882465
341188,56,187155
313998,66,510412
132377,99,13037079
314826,51,118861
298554,51,112843
305396,62,339776
277795,41,42686
235301,70,763476
336440,51,115218
273054,48,83017
324988,32,16633
254801,47,82407
333264,35,23757
268853,45,64567
-1,-1
-1,-1
-1,-1
-1,-1
-1,-1
-1,-1
-1,-1
-1,-1
-1,-1
-1,-1
239590,1
-1,-1
-1,-1
-1,-1
-1,-1
-1,-1
193449,14
-1,-1
-1,-1
-1,-1
-1,-1
-1,-1
-1,-1
-1,-1
-1,-1
-1,-1
-1,-1
-1,-1
-1,-1
-1,-1
-1,-1
-1,-1
-1,-1
-1,-1
-1,-1
-1,-1
-1,-1
-1,-1
-1,-1
-1,-1
-1,-1
-1,-1
-1,-1
-1,-1
-1,-1
-1,-1
-1,-1
-1,-1
-1,-1
-1,-1
-1,-1
-1,-1
-1,-1
-1,-1
-1,-1
-1,-1
-1,-1
-1,-1
-1,-1
-1,-1
80075,7
-1,-1
-1,-1
-1,-1
137087,50
-1,-1
-1,-1
-1,-1
-1,-1
-1,-1
-1,-1
-1,-1
-1,-1
-1,-1
-1,-1
-1,-1
-1,-1
-1,-1
-1,-1
-1,-1
-1,-1
-1,-1
107017,538
-1,-1
-1,-1
-1,-1
