237118,1329,20778810
196989,70,741325
208876,68,613669
209938,73,1046587
215173,72,982643
229060,66,516799
293856,44,57196
275662,61,330771
408654,50,109468
202183,71,882465
314196,56,187155
290857,66,510412
123688,99,13037079
286504,51,118861
271375,51,112843
277239,62,339776
253710,41,42686
214140,70,763476
302725,51,115218
250532,48,83017
293064,32,16633
226267,47,82407
302703,35,23757
246993,45,64567
-1,-1
-1,-1
-1,-1
-1,-1
-1,-1
-1,-1
-1,-1
-1,-1
-1,-1
-1,-1
222730,1
-1,-1
-1,-1
-1,-1
-1,-1
-1,-1
164868,14
-1,-1
-1,-1
-1,-1
-1,-1
-1,-1
-1,-1
-1,-1
-1,-1
-1,-1
-1,-1
-1,-1
-1,-1
-1,-1
-1,-1
-1,-1
-1,-1
-1,-1
-1,-1
-1,-1
-1,-1
-1,-1
-1,-1
-1,-1
-1,-1
-1,-1
-1,-1
-1,-1
-1,-1
-1,-1
-1,-1
-1,-1
-1,-1
-1,-1
-1,-1
-1,-1
-1,-1
-1,-1
-1,-1
-1,-1
-1,-1
-1,-1
-1,-1
61152,7
-1,-1
-1,-1
-1,-1
118285,50
-1,-1
-1,-1
-1,-1
-1,-1
-1,-1
-1,-1
-1,-1
-1,-1
-1,-1
-1,-1
-1,-1
-1,-1
-1,-1
-1,-1
-1,-1
-1,-1
-1,-1
99142,538
-1,-1
-1,-1
