286793,1330,20778810
243483,70,741325
257534,68,613669
259286,73,1046587
264679,72,982643
275115,66,516799
353212,44,57196
332087,61,330771
476653,50,109468
243108,71,882465
369821,56,187155
338220,66,510412
140395,99,13037079
343593,51,118861
326908,51,112843
336370,62,339776
302591,41,42686
258712,70,763476
370623,51,115218
297558,48,83017
356082,32,16633
281673,47,82407
363933,35,23757
295346,45,64567
-1,1,0
-1,-1
-1,-1
-1,-1
-1,-1
-1,-1
-1,-1
-1,-1
-1,-1
-1,-1
-1,-1
-1,-1
257019,1
-1,-1
-1,-1
-1,-1
-1,-1
-1,-1
219943,14
-1,-1
-1,-1
-1,-1
-1,-1
-1,-1
-1,-1
-1,-1
-1,-1
-1,-1
-1,-1
-1,-1
-1,-1
-1,-1
-1,-1
-1,-1
-1,-1
-1,-1
-1,-1
-1,-1
-1,-1
-1,-1
-1,-1
-1,-1
-1,-1
-1,-1
-1,-1
-1,-1
-1,-1
-1,-1
-1,-1
-1,-1
-1,-1
-1,-1
-1,-1
-1,-1
-1,-1
-1,-1
-1,-1
-1,-1
-1,-1
-1,-1
-1,-1
-1,-1
95899,7
-1,-1
-1,-1
-1,-1
-1,-1
157873,50
-1,-1
-1,-1
-1,-1
-1,-1
-1,-1
-1,-1
-1,-1
-1,-1
-1,-1
-1,-1
-1,-1
-1,-1
-1,-1
-1,-1
-1,-1
-1,-1
-1,-1
114657,538
-1,-1
-1,-1
-1,-1
