206687,1304,20175696
171164,70,738737
177096,68,613669
179244,73,1012757
182468,72,982526
196326,66,516535
248943,44,57196
233630,61,330771
389851,47,80792
169665,71,882465
271959,56,187155
323322,57,218998
107280,99,13036929
247104,51,115711
229794,51,112731
319263,51,117238
216649,41,42526
180884,70,763011
256376,51,115218
214152,48,83017
250224,32,16633
192108,45,66021
259988,35,22833
213250,45,62227
-1,-1
-1,-1
-1,-1
-1,-1
-1,-1
-1,-1
-1,-1
-1,-1
-1,-1
-1,-1
195994,1
-1,-1
-1,-1
-1,-1
-1,-1
-1,-1
124648,11
-1,-1
-1,-1
-1,-1
-1,-1
-1,-1
-1,-1
-1,-1
-1,-1
-1,-1
-1,-1
-1,-1
-1,-1
-1,-1
-1,-1
-1,-1
-1,-1
-1,-1
-1,-1
-1,-1
-1,-1
-1,-1
-1,-1
-1,-1
-1,-1
-1,-1
-1,-1
-1,-1
-1,-1
-1,-1
-1,-1
-1,-1
-1,-1
-1,-1
-1,-1
-1,-1
-1,-1
-1,-1
-1,-1
-1,-1
27690,7
-1,-1
-1,-1
-1,-1
128954,17
-1,-1
-1,-1
-1,-1
-1,-1
-1,-1
-1,-1
-1,-1
-1,-1
-1,-1
-1,-1
-1,-1
-1,-1
-1,-1
-1,-1
-1,-1
85963,538
-1,-1
-1,-1
