223823,1329,20778810
185566,70,741325
197022,68,613669
197662,73,1046587
202777,72,982643
216748,66,516799
277043,44,57196
259849,61,330771
389285,50,109468
189997,71,882465
299314,56,187155
276934,66,510412
117723,99,13037079
270701,51,118861
255434,51,112843
259895,62,339776
239866,41,42686
201435,70,763476
285246,51,115218
237036,48,83017
276995,32,16633
210115,47,82407
286669,35,23757
234007,45,64567
-1,-1
-1,-1
-1,-1
-1,-1
-1,-1
-1,-1
-1,-1
-1,-1
-1,-1
-1,-1
212265,1
-1,-1
-1,-1
-1,-1
-1,-1
-1,-1
148287,14
-1,-1
-1,-1
-1,-1
-1,-1
-1,-1
-1,-1
-1,-1
-1,-1
-1,-1
-1,-1
-1,-1
-1,-1
-1,-1
-1,-1
-1,-1
-1,-1
-1,-1
-1,-1
-1,-1
-1,-1
-1,-1
-1,-1
-1,-1
-1,-1
-1,-1
-1,-1
-1,-1
-1,-1
-1,-1
-1,-1
-1,-1
-1,-1
-1,-1
-1,-1
-1,-1
-1,-1
-1,-1
-1,-1
-1,-1
-1,-1
-1,-1
49904,7
-1,-1
-1,-1
-1,-1
108772,50
-1,-1
-1,-1
-1,-1
-1,-1
-1,-1
-1,-1
-1,-1
-1,-1
-1,-1
-1,-1
-1,-1
-1,-1
-1,-1
-1,-1
-1,-1
-1,-1
94489,538
-1,-1
-1,-1
