272272,1329,20778810
231074,70,741325
244926,68,613669
246347,73,1046587
251679,72,982643
263023,66,516799
337431,44,57196
316485,61,330771
458607,50,109468
229577,71,882465
353874,56,187155
324869,66,510412
135287,99,13037079
327741,51,118861
311284,51,112843
318807,62,339776
289503,41,42686
245590,70,763476
351474,51,115218
284603,48,83017
338908,32,16633
266744,47,82407
346965,35,23757
279834,45,64567
-1,-1
-1,-1
-1,-1
-1,-1
-1,-1
-1,-1
-1,-1
-1,-1
-1,-1
-1,-1
-1,-1
248179,1
-1,-1
-1,-1
-1,-1
-1,-1
-1,-1
205121,14
-1,-1
-1,-1
-1,-1
-1,-1
-1,-1
-1,-1
-1,-1
-1,-1
-1,-1
-1,-1
-1,-1
-1,-1
-1,-1
-1,-1
-1,-1
-1,-1
-1,-1
-1,-1
-1,-1
-1,-1
-1,-1
-1,-1
-1,-1
-1,-1
-1,-1
-1,-1
-1,-1
-1,-1
-1,-1
-1,-1
-1,-1
-1,-1
-1,-1
-1,-1
-1,-1
-1,-1
-1,-1
-1,-1
-1,-1
-1,-1
-1,-1
-1,-1
-1,-1
88107,7
-1,-1
-1,-1
-1,-1
145563,50
-1,-1
-1,-1
-1,-1
-1,-1
-1,-1
-1,-1
-1,-1
-1,-1
-1,-1
-1,-1
-1,-1
-1,-1
-1,-1
-1,-1
-1,-1
-1,-1
-1,-1
109749,538
-1,-1
-1,-1
-1,-1
