227370,1329,20778810
188432,70,741325
200046,68,613669
200729,73,1046587
205872,72,982643
219938,66,516799
281363,44,57196
263933,61,330771
394111,50,109468
193068,71,882465
303197,56,187155
280349,66,510412
119420,99,13037079
274761,51,118861
259388,51,112843
264223,62,339776
243387,41,42686
204667,70,763476
289616,51,115218
240522,48,83017
280960,32,16633
214471,47,82407
290572,35,23757
237370,45,64567
-1,-1
-1,-1
-1,-1
-1,-1
-1,-1
-1,-1
-1,-1
-1,-1
-1,-1
-1,-1
214961,1
-1,-1
-1,-1
-1,-1
-1,-1
-1,-1
152906,14
-1,-1
-1,-1
-1,-1
-1,-1
-1,-1
-1,-1
-1,-1
-1,-1
-1,-1
-1,-1
-1,-1
-1,-1
-1,-1
-1,-1
-1,-1
-1,-1
-1,-1
-1,-1
-1,-1
-1,-1
-1,-1
-1,-1
-1,-1
-1,-1
-1,-1
-1,-1
-1,-1
-1,-1
-1,-1
-1,-1
-1,-1
-1,-1
-1,-1
-1,-1
-1,-1
-1,-1
-1,-1
-1,-1
-1,-1
-1,-1
-1,-1
52781,7
-1,-1
-1,-1
-1,-1
111211,50
-1,-1
-1,-1
-1,-1
-1,-1
-1,-1
-1,-1
-1,-1
-1,-1
-1,-1
-1,-1
-1,-1
-1,-1
-1,-1
-1,-1
-1,-1
-1,-1
95816,538
-1,-1
-1,-1
