213492,1163,16793966
213908,60,277076
241627,48,84651
263600,53,140806
229434,59,265985
204978,60,274258
223891,44,57148
236599,59,248195
371499,45,66890
174939,69,691546
310024,46,69322
292718,57,218576
95214,99,13036619
223720,51,112021
205083,51,112399
320257,47,80685
196173,41,41603
161644,70,762946
243280,50,101511
272404,25,8000
226017,31,15582
163473,45,66021
403447,9,1000
191094,44,61126
-1,-1
-1,-1
-1,-1
-1,-1
-1,-1
-1,-1
-1,-1
-1,-1
-1,-1
-1,-1
-1,-1
-1,-1
-1,-1
-1,-1
-1,-1
91739,11
-1,-1
-1,-1
-1,-1
-1,-1
-1,-1
-1,-1
-1,-1
-1,-1
-1,-1
-1,-1
-1,-1
-1,-1
-1,-1
-1,-1
-1,-1
-1,-1
-1,-1
-1,-1
-1,-1
-1,-1
-1,-1
-1,-1
-1,-1
-1,-1
-1,-1
-1,-1
-1,-1
-1,-1
-1,-1
-1,-1
-1,-1
-1,-1
-1,-1
-1,-1
-1,-1
-1,-1
-1,-1
-1,-1
97485,17
-1,-1
-1,-1
-1,-1
-1,-1
-1,-1
-1,-1
-1,-1
-1,-1
-1,-1
-1,-1
-1,-1
-1,-1
75377,538
-1,-1
-1,-1
