234467,1329,20778810
194581,70,741325
206430,68,613669
207442,73,1046587
212676,72,982643
226602,66,516799
290351,44,57196
272474,61,330771
404783,50,109468
199764,71,882465
311196,56,187155
288094,66,510412
122442,99,13037079
283228,51,118861
268002,51,112843
273717,62,339776
250829,41,42686
211475,70,763476
298950,51,115218
247886,48,83017
289619,32,16633
223065,47,82407
299082,35,23757
244344,45,64567
-1,-1
-1,-1
-1,-1
-1,-1
-1,-1
-1,-1
-1,-1
-1,-1
-1,-1
-1,-1
220588,1
-1,-1
-1,-1
-1,-1
-1,-1
-1,-1
161668,14
-1,-1
-1,-1
-1,-1
-1,-1
-1,-1
-1,-1
-1,-1
-1,-1
-1,-1
-1,-1
-1,-1
-1,-1
-1,-1
-1,-1
-1,-1
-1,-1
-1,-1
-1,-1
-1,-1
-1,-1
-1,-1
-1,-1
-1,-1
-1,-1
-1,-1
-1,-1
-1,-1
-1,-1
-1,-1
-1,-1
-1,-1
-1,-1
-1,-1
-1,-1
-1,-1
-1,-1
-1,-1
-1,-1
-1,-1
-1,-1
-1,-1
-1,-1
58668,7
-1,-1
-1,-1
-1,-1
116233,50
-1,-1
-1,-1
-1,-1
-1,-1
-1,-1
-1,-1
-1,-1
-1,-1
-1,-1
-1,-1
-1,-1
-1,-1
-1,-1
-1,-1
-1,-1
-1,-1
-1,-1
98165,538
-1,-1
-1,-1
