234516,1329,20778810
194617,70,741325
206481,68,613669
207489,73,1046587
212723,72,982643
226628,66,516799
290399,44,57196
272521,61,330771
404832,50,109468
199811,71,882465
311248,56,187155
288124,66,510412
122460,99,13037079
283300,51,118861
268052,51,112843
273781,62,339776
250868,41,42686
211515,70,763476
299007,51,115218
247936,48,83017
289681,32,16633
223107,47,82407
299130,35,23757
244371,45,64567
-1,-1
-1,-1
-1,-1
-1,-1
-1,-1
-1,-1
-1,-1
-1,-1
-1,-1
-1,-1
220635,1
-1,-1
-1,-1
-1,-1
-1,-1
-1,-1
161725,14
-1,-1
-1,-1
-1,-1
-1,-1
-1,-1
-1,-1
-1,-1
-1,-1
-1,-1
-1,-1
-1,-1
-1,-1
-1,-1
-1,-1
-1,-1
-1,-1
-1,-1
-1,-1
-1,-1
-1,-1
-1,-1
-1,-1
-1,-1
-1,-1
-1,-1
-1,-1
-1,-1
-1,-1
-1,-1
-1,-1
-1,-1
-1,-1
-1,-1
-1,-1
-1,-1
-1,-1
-1,-1
-1,-1
-1,-1
-1,-1
-1,-1
-1,-1
58718,7
-1,-1
-1,-1
-1,-1
116247,50
-1,-1
-1,-1
-1,-1
-1,-1
-1,-1
-1,-1
-1,-1
-1,-1
-1,-1
-1,-1
-1,-1
-1,-1
-1,-1
-1,-1
-1,-1
-1,-1
-1,-1
98175,538
-1,-1
-1,-1
