220735,1329,20778810
182839,70,741325
194235,68,613669
194725,73,1046587
199926,72,982643
213981,66,516799
273208,44,57196
256253,61,330771
385012,50,109468
187253,71,882465
295759,56,187155
273816,66,510412
116170,99,13037079
267021,51,118861
252021,51,112843
256027,62,339776
236696,41,42686
198139,70,763476
281240,51,115218
233836,48,83017
273348,32,16633
206703,47,82407
283040,35,23757
230977,45,64567
-1,-1
-1,-1
-1,-1
-1,-1
-1,-1
-1,-1
-1,-1
-1,-1
-1,-1
-1,-1
209848,1
-1,-1
-1,-1
-1,-1
-1,-1
-1,-1
144852,14
-1,-1
-1,-1
-1,-1
-1,-1
-1,-1
-1,-1
-1,-1
-1,-1
-1,-1
-1,-1
-1,-1
-1,-1
-1,-1
-1,-1
-1,-1
-1,-1
-1,-1
-1,-1
-1,-1
-1,-1
-1,-1
-1,-1
-1,-1
-1,-1
-1,-1
-1,-1
-1,-1
-1,-1
-1,-1
-1,-1
-1,-1
-1,-1
-1,-1
-1,-1
-1,-1
-1,-1
-1,-1
-1,-1
-1,-1
-1,-1
-1,-1
47059,7
-1,-1
-1,-1
-1,-1
106642,50
-1,-1
-1,-1
-1,-1
-1,-1
-1,-1
-1,-1
-1,-1
-1,-1
-1,-1
-1,-1
-1,-1
-1,-1
-1,-1
-1,-1
-1,-1
-1,-1
93204,538
-1,-1
-1,-1
