240342,1329,20778810
199958,70,741325
211967,68,613669
212924,73,1046587
218267,72,982643
232045,66,516799
298097,44,57196
279539,61,330771
413404,50,109468
204966,71,882465
317624,56,187155
294116,66,510412
124980,99,13037079
290453,51,118861
275318,51,112843
281416,62,339776
257196,41,42686
217400,70,763476
307257,51,115218
253871,48,83017
297529,32,16633
229931,47,82407
307005,35,23757
250255,45,64567
-1,-1
-1,-1
-1,-1
-1,-1
-1,-1
-1,-1
-1,-1
-1,-1
-1,-1
-1,-1
225367,1
-1,-1
-1,-1
-1,-1
-1,-1
-1,-1
168546,14
-1,-1
-1,-1
-1,-1
-1,-1
-1,-1
-1,-1
-1,-1
-1,-1
-1,-1
-1,-1
-1,-1
-1,-1
-1,-1
-1,-1
-1,-1
-1,-1
-1,-1
-1,-1
-1,-1
-1,-1
-1,-1
-1,-1
-1,-1
-1,-1
-1,-1
-1,-1
-1,-1
-1,-1
-1,-1
-1,-1
-1,-1
-1,-1
-1,-1
-1,-1
-1,-1
-1,-1
-1,-1
-1,-1
-1,-1
-1,-1
-1,-1
-1,-1
64277,7
-1,-1
-1,-1
-1,-1
120743,50
-1,-1
-1,-1
-1,-1
-1,-1
-1,-1
-1,-1
-1,-1
-1,-1
-1,-1
-1,-1
-1,-1
-1,-1
-1,-1
-1,-1
-1,-1
-1,-1
-1,-1
100162,538
-1,-1
-1,-1
