218082,1167,16855976
219052,60,277076
247367,48,84651
254906,56,187354
232107,60,281447
210019,60,274258
229610,44,57148
242455,59,248195
379935,45,66890
181561,69,691546
317969,46,69322
299773,57,218576
98398,99,13036619
229763,51,112021
210836,51,112399
328420,47,80685
201153,41,41603
166645,70,762946
249657,50,101511
278457,25,8000
231920,31,15582
170452,45,66021
408159,9,1000
196494,44,61126
-1,-1
-1,-1
-1,-1
-1,-1
-1,-1
-1,-1
-1,-1
-1,-1
-1,-1
-1,-1
-1,-1
-1,-1
-1,-1
-1,-1
-1,-1
-1,-1
99948,11
-1,-1
-1,-1
-1,-1
-1,-1
-1,-1
-1,-1
-1,-1
-1,-1
-1,-1
-1,-1
-1,-1
-1,-1
-1,-1
-1,-1
-1,-1
-1,-1
-1,-1
-1,-1
-1,-1
-1,-1
-1,-1
-1,-1
-1,-1
-1,-1
-1,-1
-1,-1
-1,-1
-1,-1
-1,-1
-1,-1
-1,-1
-1,-1
-1,-1
-1,-1
-1,-1
-1,-1
-1,-1
-1,-1
-1,-1
105779,17
-1,-1
-1,-1
-1,-1
-1,-1
-1,-1
-1,-1
-1,-1
-1,-1
-1,-1
-1,-1
-1,-1
-1,-1
-1,-1
-1,-1
-1,-1
78109,538
-1,-1
-1,-1
