207725,1329,20778810
172074,70,741325
182861,68,613669
183512,73,1046587
188094,72,982643
202168,66,516799
256827,44,57196
240817,61,330771
365736,50,109468
175364,71,882465
279969,56,187155
259708,66,510412
110237,99,13037079
251914,51,118861
236931,51,112843
239114,62,339776
223163,41,42686
186029,70,763476
264787,51,115218
220793,48,83017
258014,32,16633
191167,47,82407
267529,35,23757
217850,45,64567
-1,-1
-1,-1
-1,-1
-1,-1
-1,-1
-1,-1
-1,-1
-1,-1
-1,-1
-1,-1
199981,1
-1,-1
-1,-1
-1,-1
-1,-1
-1,-1
128542,14
-1,-1
-1,-1
-1,-1
-1,-1
-1,-1
-1,-1
-1,-1
-1,-1
-1,-1
-1,-1
-1,-1
-1,-1
-1,-1
-1,-1
-1,-1
-1,-1
-1,-1
-1,-1
-1,-1
-1,-1
-1,-1
-1,-1
-1,-1
-1,-1
-1,-1
-1,-1
-1,-1
-1,-1
-1,-1
-1,-1
-1,-1
-1,-1
-1,-1
-1,-1
-1,-1
-1,-1
-1,-1
-1,-1
-1,-1
34775,7
-1,-1
-1,-1
-1,-1
97383,50
-1,-1
-1,-1
-1,-1
-1,-1
-1,-1
-1,-1
-1,-1
-1,-1
-1,-1
-1,-1
-1,-1
-1,-1
-1,-1
-1,-1
-1,-1
88590,538
-1,-1
-1,-1
