243697,1329,20778810
202790,70,741325
214940,68,613669
215888,73,1046587
221304,72,982643
235004,66,516799
302297,44,57196
283526,61,330771
418326,50,109468
207683,71,882465
321336,56,187155
297649,66,510412
126431,99,13037079
294648,51,118861
279525,51,112843
285987,62,339776
260676,41,42686
220743,70,763476
311895,51,115218
257210,48,83017
302056,32,16633
233952,47,82407
311416,35,23757
253467,45,64567
-1,-1
-1,-1
-1,-1
-1,-1
-1,-1
-1,-1
-1,-1
-1,-1
-1,-1
-1,-1
227905,1
-1,-1
-1,-1
-1,-1
-1,-1
-1,-1
172581,14
-1,-1
-1,-1
-1,-1
-1,-1
-1,-1
-1,-1
-1,-1
-1,-1
-1,-1
-1,-1
-1,-1
-1,-1
-1,-1
-1,-1
-1,-1
-1,-1
-1,-1
-1,-1
-1,-1
-1,-1
-1,-1
-1,-1
-1,-1
-1,-1
-1,-1
-1,-1
-1,-1
-1,-1
-1,-1
-1,-1
-1,-1
-1,-1
-1,-1
-1,-1
-1,-1
-1,-1
-1,-1
-1,-1
-1,-1
-1,-1
-1,-1
-1,-1
66972,7
-1,-1
-1,-1
-1,-1
123487,50
-1,-1
-1,-1
-1,-1
-1,-1
-1,-1
-1,-1
-1,-1
-1,-1
-1,-1
-1,-1
-1,-1
-1,-1
-1,-1
-1,-1
-1,-1
-1,-1
-1,-1
101352,538
-1,-1
-1,-1
-1,-1
