290908,1330,20778810
247659,70,741325
261704,68,613669
263503,73,1046587
268966,72,982643
279231,66,516799
358593,44,57196
336737,61,330771
481741,50,109468
246898,71,882465
373336,56,187155
341945,66,510412
140788,99,13037079
347750,51,118861
331675,51,112843
340990,62,339776
306696,41,42686
261821,70,763476
375114,51,115218
301967,48,83017
360341,32,16633
285378,47,82407
368209,35,23757
299042,45,64567
-1,1,0
-1,-1
-1,-1
-1,-1
-1,-1
-1,-1
-1,-1
-1,-1
-1,-1
-1,-1
-1,-1
-1,-1
260259,1
-1,-1
-1,-1
-1,-1
-1,-1
-1,-1
223649,14
-1,-1
-1,-1
-1,-1
-1,-1
-1,-1
-1,-1
-1,-1
-1,-1
-1,0
-1,-1
-1,-1
-1,-1
-1,-1
-1,-1
-1,-1
-1,-1
-1,-1
-1,-1
-1,-1
-1,-1
-1,-1
-1,-1
-1,-1
-1,-1
-1,-1
-1,-1
-1,-1
-1,-1
-1,-1
-1,-1
-1,-1
-1,-1
-1,-1
-1,-1
-1,-1
-1,-1
-1,-1
-1,-1
-1,-1
-1,-1
-1,-1
-1,-1
-1,-1
-1,-1
98812,7
-1,-1
-1,-1
-1,-1
-1,-1
160843,50
-1,-1
-1,-1
-1,-1
-1,-1
-1,-1
-1,-1
-1,-1
-1,-1
-1,-1
-1,-1
-1,-1
-1,-1
-1,-1
-1,-1
-1,-1
-1,-1
-1,-1
114511,538
-1,-1
-1,-1
-1,-1
