221098,1210,18105829
230616,60,277096
189712,61,330551
188457,70,789202
208734,67,563188
221116,60,274258
242197,44,57171
255521,59,248273
397809,45,67890
190028,69,721904
279912,54,156203
315901,57,218576
105055,99,13036619
243115,51,113021
223783,51,112399
348077,47,80685
212245,41,41603
176615,70,762950
264074,50,101511
292091,25,8000
243740,32,16582
185343,45,66021
421611,9,1000
208602,44,61126
-1,-1
-1,-1
-1,-1
-1,-1
-1,-1
-1,-1
-1,-1
-1,-1
-1,-1
-1,-1
-1,-1
-1,-1
-1,-1
-1,-1
-1,-1
-1,-1
117285,11
-1,-1
-1,-1
-1,-1
-1,-1
-1,-1
-1,-1
-1,-1
-1,-1
-1,-1
-1,-1
-1,-1
-1,-1
-1,-1
-1,-1
-1,-1
-1,-1
-1,-1
-1,-1
-1,-1
-1,-1
-1,-1
-1,-1
-1,-1
-1,-1
-1,-1
-1,-1
-1,-1
-1,-1
-1,-1
-1,-1
-1,-1
-1,-1
-1,-1
-1,-1
-1,-1
-1,-1
-1,-1
-1,-1
-1,-1
-1,-1
122206,17
-1,-1
-1,-1
-1,-1
-1,-1
-1,-1
-1,-1
-1,-1
-1,-1
-1,-1
-1,-1
-1,-1
-1,-1
-1,-1
-1,-1
-1,-1
83632,538
-1,-1
-1,-1
