237236,1329,20778810
197090,70,741325
208979,68,613669
210041,73,1046587
215290,72,982643
229181,66,516799
294015,44,57196
275806,61,330771
408843,50,109468
202281,71,882465
314333,56,187155
290976,66,510412
123736,99,13037079
286648,51,118861
271483,51,112843
277412,62,339776
253846,41,42686
214251,70,763476
302900,51,115218
250653,48,83017
293226,32,16633
226403,47,82407
302872,35,23757
247098,45,64567
-1,-1
-1,-1
-1,-1
-1,-1
-1,-1
-1,-1
-1,-1
-1,-1
-1,-1
-1,-1
222840,1
-1,-1
-1,-1
-1,-1
-1,-1
-1,-1
165004,14
-1,-1
-1,-1
-1,-1
-1,-1
-1,-1
-1,-1
-1,-1
-1,-1
-1,-1
-1,-1
-1,-1
-1,-1
-1,-1
-1,-1
-1,-1
-1,-1
-1,-1
-1,-1
-1,-1
-1,-1
-1,-1
-1,-1
-1,-1
-1,-1
-1,-1
-1,-1
-1,-1
-1,-1
-1,-1
-1,-1
-1,-1
-1,-1
-1,-1
-1,-1
-1,-1
-1,-1
-1,-1
-1,-1
-1,-1
-1,-1
-1,-1
-1,-1
61286,7
-1,-1
-1,-1
-1,-1
118367,50
-1,-1
-1,-1
-1,-1
-1,-1
-1,-1
-1,-1
-1,-1
-1,-1
-1,-1
-1,-1
-1,-1
-1,-1
-1,-1
-1,-1
-1,-1
-1,-1
-1,-1
99175,538
-1,-1
-1,-1
