221103,1210,18105829
230624,60,277096
189727,61,330551
188463,70,789202
208750,67,563188
221122,60,274258
242200,44,57171
255532,59,248273
397820,45,67890
190034,69,721904
279920,54,156203
315911,57,218576
105067,99,13036619
243126,51,113021
223790,51,112399
348087,47,80685
212255,41,41603
176619,70,762950
264083,50,101511
292106,25,8000
243748,32,16582
185349,45,66021
421620,9,1000
208611,44,61126
-1,-1
-1,-1
-1,-1
-1,-1
-1,-1
-1,-1
-1,-1
-1,-1
-1,-1
-1,-1
-1,-1
-1,-1
-1,-1
-1,-1
-1,-1
-1,-1
117293,11
-1,-1
-1,-1
-1,-1
-1,-1
-1,-1
-1,-1
-1,-1
-1,-1
-1,-1
-1,-1
-1,-1
-1,-1
-1,-1
-1,-1
-1,-1
-1,-1
-1,-1
-1,-1
-1,-1
-1,-1
-1,-1
-1,-1
-1,-1
-1,-1
-1,-1
-1,-1
-1,-1
-1,-1
-1,-1
-1,-1
-1,-1
-1,-1
-1,-1
-1,-1
-1,-1
-1,-1
-1,-1
-1,-1
-1,-1
-1,-1
122214,17
-1,-1
-1,-1
-1,-1
-1,-1
-1,-1
-1,-1
-1,-1
-1,-1
-1,-1
-1,-1
-1,-1
-1,-1
-1,-1
-1,-1
-1,-1
83635,538
-1,-1
-1,-1
