231768,1329,20778810
192233,70,741325
203962,68,613669
204846,73,1046587
210094,72,982643
224092,66,516799
286895,44,57196
269224,61,330771
400757,50,109468
197326,71,882465
308249,56,187155
285202,66,510412
121369,99,13037079
280024,51,118861
264758,51,112843
270203,62,339776
247943,41,42686
209052,70,763476
295315,51,115218
245088,48,83017
286254,32,16633
219889,47,82407
295797,35,23757
241721,45,64567
-1,-1
-1,-1
-1,-1
-1,-1
-1,-1
-1,-1
-1,-1
-1,-1
-1,-1
-1,-1
218388,1
-1,-1
-1,-1
-1,-1
-1,-1
-1,-1
158424,14
-1,-1
-1,-1
-1,-1
-1,-1
-1,-1
-1,-1
-1,-1
-1,-1
-1,-1
-1,-1
-1,-1
-1,-1
-1,-1
-1,-1
-1,-1
-1,-1
-1,-1
-1,-1
-1,-1
-1,-1
-1,-1
-1,-1
-1,-1
-1,-1
-1,-1
-1,-1
-1,-1
-1,-1
-1,-1
-1,-1
-1,-1
-1,-1
-1,-1
-1,-1
-1,-1
-1,-1
-1,-1
-1,-1
-1,-1
-1,-1
-1,-1
56407,7
-1,-1
-1,-1
-1,-1
114203,50
-1,-1
-1,-1
-1,-1
-1,-1
-1,-1
-1,-1
-1,-1
-1,-1
-1,-1
-1,-1
-1,-1
-1,-1
-1,-1
-1,-1
-1,-1
-1,-1
97347,538
-1,-1
-1,-1
