282271,1330,20778810
239352,70,741325
253357,68,613669
255072,73,1046587
260418,72,982643
271057,66,516799
347891,44,57196
327030,61,330771
470788,50,109468
238939,71,882465
365104,56,187155
333892,66,510412
139004,99,13037079
338694,51,118861
321858,51,112843
331031,62,339776
298227,41,42686
254441,70,763476
364462,51,115218
293341,48,83017
350691,32,16633
276991,47,82407
358586,35,23757
290822,45,64567
-1,1,0
-1,-1
-1,-1
-1,-1
-1,-1
-1,-1
-1,-1
-1,-1
-1,-1
-1,-1
-1,-1
-1,-1
253875,1
-1,-1
-1,-1
-1,-1
-1,-1
-1,-1
215199,14
-1,-1
-1,-1
-1,-1
-1,-1
-1,-1
-1,-1
-1,-1
-1,-1
-1,-1
-1,-1
-1,-1
-1,-1
-1,-1
-1,-1
-1,-1
-1,-1
-1,-1
-1,-1
-1,-1
-1,-1
-1,-1
-1,-1
-1,-1
-1,-1
-1,-1
-1,-1
-1,-1
-1,-1
-1,-1
-1,-1
-1,-1
-1,-1
-1,-1
-1,-1
-1,-1
-1,-1
-1,-1
-1,-1
-1,-1
-1,-1
-1,-1
-1,-1
-1,-1
92928,7
-1,-1
-1,-1
-1,-1
-1,-1
154361,50
-1,-1
-1,-1
-1,-1
-1,-1
-1,-1
-1,-1
-1,-1
-1,-1
-1,-1
-1,-1
-1,-1
-1,-1
-1,-1
-1,-1
-1,-1
-1,-1
-1,-1
113667,538
-1,-1
-1,-1
-1,-1
