218750,1210,18105829
228251,60,277096
187709,61,330551
186419,70,789202
206589,67,563188
218899,60,274258
239615,44,57171
252922,59,248273
393869,45,67890
187707,69,721904
276932,54,156203
312646,57,218576
103762,99,13036619
240463,51,113021
221289,51,112399
344489,47,80685
210093,41,41603
174752,70,762950
261262,50,101511
289386,25,8000
241156,32,16582
182502,45,66021
418652,9,1000
206161,44,61126
-1,-1
-1,-1
-1,-1
-1,-1
-1,-1
-1,-1
-1,-1
-1,-1
-1,-1
-1,-1
-1,-1
-1,-1
-1,-1
-1,-1
-1,-1
-1,-1
114022,11
-1,-1
-1,-1
-1,-1
-1,-1
-1,-1
-1,-1
-1,-1
-1,-1
-1,-1
-1,-1
-1,-1
-1,-1
-1,-1
-1,-1
-1,-1
-1,-1
-1,-1
-1,-1
-1,-1
-1,-1
-1,-1
-1,-1
-1,-1
-1,-1
-1,-1
-1,-1
-1,-1
-1,-1
-1,-1
-1,-1
-1,-1
-1,-1
-1,-1
-1,-1
-1,-1
-1,-1
-1,-1
-1,-1
-1,-1
119152,17
-1,-1
-1,-1
-1,-1
-1,-1
-1,-1
-1,-1
-1,-1
-1,-1
-1,-1
-1,-1
-1,-1
-1,-1
-1,-1
-1,-1
-1,-1
82557,538
-1,-1
-1,-1
