223648,1167,16862712
224234,60,277076
253068,48,84651
259521,56,192410
237271,60,283127
215052,60,274258
235151,44,57148
248365,59,248195
388326,45,66890
186797,69,691546
325822,46,69322
306927,57,218576
101439,99,13036619
236829,51,112021
216755,51,112399
337966,47,80685
206168,41,41603
171199,70,762946
256119,50,101511
284588,25,8000
237880,31,15582
177415,45,66021
413579,9,1000
201902,44,61126
-1,-1
-1,-1
-1,-1
-1,-1
-1,-1
-1,-1
-1,-1
-1,-1
-1,-1
-1,-1
-1,-1
-1,-1
-1,-1
-1,-1
-1,-1
-1,-1
108089,11
-1,-1
-1,-1
-1,-1
-1,-1
-1,-1
-1,-1
-1,-1
-1,-1
-1,-1
-1,-1
-1,-1
-1,-1
-1,-1
-1,-1
-1,-1
-1,-1
-1,-1
-1,-1
-1,-1
-1,-1
-1,-1
-1,-1
-1,-1
-1,-1
-1,-1
-1,-1
-1,-1
-1,-1
-1,-1
-1,-1
-1,-1
-1,-1
-1,-1
-1,-1
-1,-1
-1,-1
-1,-1
-1,-1
-1,-1
113349,17
-1,-1
-1,-1
-1,-1
-1,-1
-1,-1
-1,-1
-1,-1
-1,-1
-1,-1
-1,-1
-1,-1
-1,-1
-1,-1
-1,-1
-1,-1
80656,538
-1,-1
-1,-1
