218192,1167,16855976
219135,60,277076
247454,48,84651
255012,56,187354
232203,60,281447
210102,60,274258
229709,44,57148
242554,59,248195
380061,45,66890
181621,69,691546
318088,46,69322
299888,57,218576
98442,99,13036619
229864,51,112021
210932,51,112399
328540,47,80685
201246,41,41603
166720,70,762946
249778,50,101511
278563,25,8000
232020,31,15582
170566,45,66021
408245,9,1000
196596,44,61126
-1,-1
-1,-1
-1,-1
-1,-1
-1,-1
-1,-1
-1,-1
-1,-1
-1,-1
-1,-1
-1,-1
-1,-1
-1,-1
-1,-1
-1,-1
-1,-1
100104,11
-1,-1
-1,-1
-1,-1
-1,-1
-1,-1
-1,-1
-1,-1
-1,-1
-1,-1
-1,-1
-1,-1
-1,-1
-1,-1
-1,-1
-1,-1
-1,-1
-1,-1
-1,-1
-1,-1
-1,-1
-1,-1
-1,-1
-1,-1
-1,-1
-1,-1
-1,-1
-1,-1
-1,-1
-1,-1
-1,-1
-1,-1
-1,-1
-1,-1
-1,-1
-1,-1
-1,-1
-1,-1
-1,-1
-1,-1
105893,17
-1,-1
-1,-1
-1,-1
-1,-1
-1,-1
-1,-1
-1,-1
-1,-1
-1,-1
-1,-1
-1,-1
-1,-1
-1,-1
-1,-1
-1,-1
78139,538
-1,-1
-1,-1
