1034690,69,29453
1429705,1,4
1617947,1,0
1225674,1,8
1619250,10,1154
1558920,1,12
1618884,1,0
1600652,1,5
1611803,1,70
548172,37,27967
1617709,1,0
972941,2,140
1599942,1,40
1617919,1,0
1606178,1,18
1608698,1,35
1617221,1,0
1617540,1,0
1618027,1,0
1617238,1,0
1617126,1,0
1617094,1,0
1617182,1,0
1617389,1,0
-1,-1
-1,-1
-1,-1
-1,-1
-1,-1
-1,-1
-1,-1
-1,-1
-1,-1
-1,-1
-1,-1
-1,-1
-1,-1
-1,-1
-1,-1
-1,-1
-1,-1
-1,-1
-1,-1
-1,-1
-1,-1
-1,-1
-1,-1
-1,-1
-1,-1
-1,-1
-1,-1
-1,-1
-1,-1
-1,-1
-1,-1
-1,-1
-1,-1
-1,-1
-1,-1
-1,-1
-1,-1
-1,-1
-1,-1
-1,-1
-1,-1
-1,-1
-1,-1
-1,-1
-1,-1
-1,-1
-1,-1
-1,-1
-1,-1
-1,-1
-1,-1
-1,-1
-1,-1
-1,-1
-1,-1
-1,-1
-1,-1
-1,-1
-1,-1
-1,-1
-1,-1
-1,-1
-1,-1
-1,-1
-1,-1
-1,-1
-1,-1
-1,-1
-1,-1
-1,-1
