213551,1163,16793966
213968,60,277076
241701,48,84651
263689,53,140806
229520,59,265985
205049,60,274258
223982,44,57148
236677,59,248195
371602,45,66890
175000,69,691546
310115,46,69322
292806,57,218576
95255,99,13036619
223808,51,112021
205177,51,112399
320343,47,80685
196241,41,41603
161703,70,762946
243370,50,101511
272489,25,8000
226083,31,15582
163535,45,66021
403497,9,1000
191155,44,61126
-1,-1
-1,-1
-1,-1
-1,-1
-1,-1
-1,-1
-1,-1
-1,-1
-1,-1
-1,-1
-1,-1
-1,-1
-1,-1
-1,-1
-1,-1
91827,11
-1,-1
-1,-1
-1,-1
-1,-1
-1,-1
-1,-1
-1,-1
-1,-1
-1,-1
-1,-1
-1,-1
-1,-1
-1,-1
-1,-1
-1,-1
-1,-1
-1,-1
-1,-1
-1,-1
-1,-1
-1,-1
-1,-1
-1,-1
-1,-1
-1,-1
-1,-1
-1,-1
-1,-1
-1,-1
-1,-1
-1,-1
-1,-1
-1,-1
-1,-1
-1,-1
-1,-1
-1,-1
-1,-1
97618,17
-1,-1
-1,-1
-1,-1
-1,-1
-1,-1
-1,-1
-1,-1
-1,-1
-1,-1
-1,-1
-1,-1
-1,-1
75406,538
-1,-1
-1,-1
