237311,1329,20778810
197143,70,741325
209058,68,613669
210108,73,1046587
215352,72,982643
229255,66,516799
294128,44,57196
275911,61,330771
408947,50,109468
202344,71,882465
314412,56,187155
291049,66,510412
123778,99,13037079
286733,51,118861
271576,51,112843
277513,62,339776
253908,41,42686
214329,70,763476
302996,51,115218
250735,48,83017
293338,32,16633
226480,47,82407
302978,35,23757
247187,45,64567
-1,-1
-1,-1
-1,-1
-1,-1
-1,-1
-1,-1
-1,-1
-1,-1
-1,-1
-1,-1
222904,1
-1,-1
-1,-1
-1,-1
-1,-1
-1,-1
165086,14
-1,-1
-1,-1
-1,-1
-1,-1
-1,-1
-1,-1
-1,-1
-1,-1
-1,-1
-1,-1
-1,-1
-1,-1
-1,-1
-1,-1
-1,-1
-1,-1
-1,-1
-1,-1
-1,-1
-1,-1
-1,-1
-1,-1
-1,-1
-1,-1
-1,-1
-1,-1
-1,-1
-1,-1
-1,-1
-1,-1
-1,-1
-1,-1
-1,-1
-1,-1
-1,-1
-1,-1
-1,-1
-1,-1
-1,-1
-1,-1
-1,-1
-1,-1
61354,7
-1,-1
-1,-1
-1,-1
118415,50
-1,-1
-1,-1
-1,-1
-1,-1
-1,-1
-1,-1
-1,-1
-1,-1
-1,-1
-1,-1
-1,-1
-1,-1
-1,-1
-1,-1
-1,-1
-1,-1
-1,-1
99207,538
-1,-1
-1,-1
