243821,1329,20778810
202922,70,741325
215075,68,613669
216022,73,1046587
221415,72,982643
235112,66,516799
302466,44,57196
283667,61,330771
418539,50,109468
207815,71,882465
321464,56,187155
297785,66,510412
126491,99,13037079
294843,51,118861
279645,51,112843
286165,62,339776
260814,41,42686
220871,70,763476
312118,51,115218
257350,48,83017
302223,32,16633
234143,47,82407
311612,35,23757
253583,45,64567
-1,-1
-1,-1
-1,-1
-1,-1
-1,-1
-1,-1
-1,-1
-1,-1
-1,-1
-1,-1
228003,1
-1,-1
-1,-1
-1,-1
-1,-1
-1,-1
172764,14
-1,-1
-1,-1
-1,-1
-1,-1
-1,-1
-1,-1
-1,-1
-1,-1
-1,-1
-1,-1
-1,-1
-1,-1
-1,-1
-1,-1
-1,-1
-1,-1
-1,-1
-1,-1
-1,-1
-1,-1
-1,-1
-1,-1
-1,-1
-1,-1
-1,-1
-1,-1
-1,-1
-1,-1
-1,-1
-1,-1
-1,-1
-1,-1
-1,-1
-1,-1
-1,-1
-1,-1
-1,-1
-1,-1
-1,-1
-1,-1
-1,-1
-1,-1
67081,7
-1,-1
-1,-1
-1,-1
123603,50
-1,-1
-1,-1
-1,-1
-1,-1
-1,-1
-1,-1
-1,-1
-1,-1
-1,-1
-1,-1
-1,-1
-1,-1
-1,-1
-1,-1
-1,-1
-1,-1
-1,-1
101396,538
-1,-1
-1,-1
-1,-1
