220965,1167,16862712
221733,60,277076
250306,48,84651
256804,56,192410
234674,60,283127
212676,60,274258
232533,44,57148
245532,59,248195
384171,45,66890
184169,69,691546
322064,46,69322
303453,57,218576
99998,99,13036619
233222,51,112021
213796,51,112399
333173,47,80685
203777,41,41603
169060,70,762946
253030,50,101511
281650,25,8000
234987,31,15582
173936,45,66021
410794,9,1000
199214,44,61126
-1,-1
-1,-1
-1,-1
-1,-1
-1,-1
-1,-1
-1,-1
-1,-1
-1,-1
-1,-1
-1,-1
-1,-1
-1,-1
-1,-1
-1,-1
-1,-1
104032,11
-1,-1
-1,-1
-1,-1
-1,-1
-1,-1
-1,-1
-1,-1
-1,-1
-1,-1
-1,-1
-1,-1
-1,-1
-1,-1
-1,-1
-1,-1
-1,-1
-1,-1
-1,-1
-1,-1
-1,-1
-1,-1
-1,-1
-1,-1
-1,-1
-1,-1
-1,-1
-1,-1
-1,-1
-1,-1
-1,-1
-1,-1
-1,-1
-1,-1
-1,-1
-1,-1
-1,-1
-1,-1
-1,-1
-1,-1
109709,17
-1,-1
-1,-1
-1,-1
-1,-1
-1,-1
-1,-1
-1,-1
-1,-1
-1,-1
-1,-1
-1,-1
-1,-1
-1,-1
-1,-1
-1,-1
79432,538
-1,-1
-1,-1
