291154,1330,20778810
247896,70,741325
261948,68,613669
263771,73,1046587
269221,72,982643
279462,66,516799
359021,44,57196
337010,61,330771
482109,50,109468
247102,71,882465
373555,56,187155
342171,66,510412
140864,99,13037079
348001,51,118861
331965,51,112843
341255,62,339776
306938,41,42686
262016,70,763476
375430,51,115218
302213,48,83017
360654,32,16633
285597,47,82407
368452,35,23757
299296,45,64567
-1,1,0
-1,-1
-1,-1
-1,-1
-1,-1
-1,-1
-1,-1
-1,-1
-1,-1
-1,-1
-1,-1
-1,-1
260443,1
-1,-1
-1,-1
-1,-1
-1,-1
-1,-1
223895,14
-1,-1
-1,-1
-1,-1
-1,-1
-1,-1
-1,-1
-1,-1
-1,-1
-1,0
-1,-1
-1,-1
-1,-1
-1,-1
-1,-1
-1,-1
-1,-1
-1,-1
-1,-1
-1,-1
-1,-1
-1,-1
-1,-1
-1,-1
-1,-1
-1,-1
-1,-1
-1,-1
-1,-1
-1,-1
-1,-1
-1,-1
-1,-1
-1,-1
-1,-1
-1,-1
-1,-1
-1,-1
-1,-1
-1,-1
-1,-1
-1,-1
-1,-1
-1,-1
-1,-1
99033,7
-1,-1
-1,-1
-1,-1
-1,-1
161048,50
-1,-1
-1,-1
-1,-1
-1,-1
-1,-1
-1,-1
-1,-1
-1,-1
-1,-1
-1,-1
-1,-1
-1,-1
-1,-1
-1,-1
-1,-1
-1,-1
-1,-1
114554,538
-1,-1
-1,-1
-1,-1
