220972,1167,16862712
221745,60,277076
250320,48,84651
256812,56,192410
234687,60,283127
212683,60,274258
232542,44,57148
245534,59,248195
384191,45,66890
184177,69,691546
322069,46,69322
303469,57,218576
100006,99,13036619
233226,51,112021
213803,51,112399
333187,47,80685
203786,41,41603
169068,70,762946
253040,50,101511
281661,25,8000
234994,31,15582
173941,45,66021
410803,9,1000
199225,44,61126
-1,-1
-1,-1
-1,-1
-1,-1
-1,-1
-1,-1
-1,-1
-1,-1
-1,-1
-1,-1
-1,-1
-1,-1
-1,-1
-1,-1
-1,-1
-1,-1
104037,11
-1,-1
-1,-1
-1,-1
-1,-1
-1,-1
-1,-1
-1,-1
-1,-1
-1,-1
-1,-1
-1,-1
-1,-1
-1,-1
-1,-1
-1,-1
-1,-1
-1,-1
-1,-1
-1,-1
-1,-1
-1,-1
-1,-1
-1,-1
-1,-1
-1,-1
-1,-1
-1,-1
-1,-1
-1,-1
-1,-1
-1,-1
-1,-1
-1,-1
-1,-1
-1,-1
-1,-1
-1,-1
-1,-1
-1,-1
109721,17
-1,-1
-1,-1
-1,-1
-1,-1
-1,-1
-1,-1
-1,-1
-1,-1
-1,-1
-1,-1
-1,-1
-1,-1
-1,-1
-1,-1
-1,-1
79435,538
-1,-1
-1,-1
