1034658,69,29453
1429647,1,4
1617926,1,0
1225620,1,8
1619194,10,1154
1558891,1,12
1618838,1,0
1600597,1,5
1611765,1,70
548145,37,27967
1617688,1,0
972908,2,140
1599909,1,40
1617897,1,0
1606162,1,18
1608669,1,35
1617210,1,0
1617523,1,0
1618000,1,0
1617231,1,0
1617119,1,0
1617089,1,0
1617174,1,0
1617382,1,0
-1,-1
-1,-1
-1,-1
-1,-1
-1,-1
-1,-1
-1,-1
-1,-1
-1,-1
-1,-1
-1,-1
-1,-1
-1,-1
-1,-1
-1,-1
-1,-1
-1,-1
-1,-1
-1,-1
-1,-1
-1,-1
-1,-1
-1,-1
-1,-1
-1,-1
-1,-1
-1,-1
-1,-1
-1,-1
-1,-1
-1,-1
-1,-1
-1,-1
-1,-1
-1,-1
-1,-1
-1,-1
-1,-1
-1,-1
-1,-1
-1,-1
-1,-1
-1,-1
-1,-1
-1,-1
-1,-1
-1,-1
-1,-1
-1,-1
-1,-1
-1,-1
-1,-1
-1,-1
-1,-1
-1,-1
-1,-1
-1,-1
-1,-1
-1,-1
-1,-1
-1,-1
-1,-1
-1,-1
-1,-1
-1,-1
-1,-1
-1,-1
-1,-1
-1,-1
-1,-1
