272691,1329,20778810
231449,70,741325
245339,68,613669
246787,73,1046587
252123,72,982643
263417,66,516799
337897,44,57196
316913,61,330771
459127,50,109468
229989,71,882465
354359,56,187155
325306,66,510412
135468,99,13037079
328221,51,118861
311743,51,112843
319343,62,339776
289888,41,42686
245994,70,763476
352048,51,115218
285009,48,83017
339409,32,16633
267185,47,82407
347522,35,23757
280269,45,64567
-1,-1
-1,-1
-1,-1
-1,-1
-1,-1
-1,-1
-1,-1
-1,-1
-1,-1
-1,-1
-1,-1
248441,1
-1,-1
-1,-1
-1,-1
-1,-1
-1,-1
205593,14
-1,-1
-1,-1
-1,-1
-1,-1
-1,-1
-1,-1
-1,-1
-1,-1
-1,-1
-1,-1
-1,-1
-1,-1
-1,-1
-1,-1
-1,-1
-1,-1
-1,-1
-1,-1
-1,-1
-1,-1
-1,-1
-1,-1
-1,-1
-1,-1
-1,-1
-1,-1
-1,-1
-1,-1
-1,-1
-1,-1
-1,-1
-1,-1
-1,-1
-1,-1
-1,-1
-1,-1
-1,-1
-1,-1
-1,-1
-1,-1
-1,-1
-1,-1
-1,-1
88345,7
-1,-1
-1,-1
-1,-1
145897,50
-1,-1
-1,-1
-1,-1
-1,-1
-1,-1
-1,-1
-1,-1
-1,-1
-1,-1
-1,-1
-1,-1
-1,-1
-1,-1
-1,-1
-1,-1
-1,-1
-1,-1
109929,538
-1,-1
-1,-1
-1,-1
