277800,1330,20778810
235688,70,741325
249688,68,613669
251215,73,1046587
256532,72,982643
267516,66,516799
343133,44,57196
322099,61,330771
465243,50,109468
234844,71,882465
360012,56,187155
329763,66,510412
137326,99,13037079
333771,51,118861
317093,51,112843
325562,62,339776
294287,41,42686
250352,70,763476
358617,51,115218
289373,48,83017
345340,32,16633
272387,47,82407
353430,35,23757
286007,45,64567
-1,1,0
-1,-1
-1,-1
-1,-1
-1,-1
-1,-1
-1,-1
-1,-1
-1,-1
-1,-1
-1,-1
-1,-1
251285,1
-1,-1
-1,-1
-1,-1
-1,-1
-1,-1
210658,14
-1,-1
-1,-1
-1,-1
-1,-1
-1,-1
-1,-1
-1,-1
-1,-1
-1,-1
-1,-1
-1,-1
-1,-1
-1,-1
-1,-1
-1,-1
-1,-1
-1,-1
-1,-1
-1,-1
-1,-1
-1,-1
-1,-1
-1,-1
-1,-1
-1,-1
-1,-1
-1,-1
-1,-1
-1,-1
-1,-1
-1,-1
-1,-1
-1,-1
-1,-1
-1,-1
-1,-1
-1,-1
-1,-1
-1,-1
-1,-1
-1,-1
-1,-1
-1,-1
90756,7
-1,-1
-1,-1
-1,-1
-1,-1
151030,50
-1,-1
-1,-1
-1,-1
-1,-1
-1,-1
-1,-1
-1,-1
-1,-1
-1,-1
-1,-1
-1,-1
-1,-1
-1,-1
-1,-1
-1,-1
-1,-1
-1,-1
111941,538
-1,-1
-1,-1
-1,-1
