229421,1329,20778810
190228,70,741325
201959,68,613669
202714,73,1046587
207884,72,982643
221930,66,516799
283880,44,57196
266424,61,330771
397286,50,109468
195153,71,882465
305701,56,187155
282636,66,510412
120391,99,13037079
277293,51,118861
262003,51,112843
267085,62,339776
245468,41,42686
206835,70,763476
292197,51,115218
242636,48,83017
283376,32,16633
216959,47,82407
292996,35,23757
239374,45,64567
-1,-1
-1,-1
-1,-1
-1,-1
-1,-1
-1,-1
-1,-1
-1,-1
-1,-1
-1,-1
216429,1
-1,-1
-1,-1
-1,-1
-1,-1
-1,-1
155412,14
-1,-1
-1,-1
-1,-1
-1,-1
-1,-1
-1,-1
-1,-1
-1,-1
-1,-1
-1,-1
-1,-1
-1,-1
-1,-1
-1,-1
-1,-1
-1,-1
-1,-1
-1,-1
-1,-1
-1,-1
-1,-1
-1,-1
-1,-1
-1,-1
-1,-1
-1,-1
-1,-1
-1,-1
-1,-1
-1,-1
-1,-1
-1,-1
-1,-1
-1,-1
-1,-1
-1,-1
-1,-1
-1,-1
-1,-1
-1,-1
-1,-1
54420,7
-1,-1
-1,-1
-1,-1
112516,50
-1,-1
-1,-1
-1,-1
-1,-1
-1,-1
-1,-1
-1,-1
-1,-1
-1,-1
-1,-1
-1,-1
-1,-1
-1,-1
-1,-1
-1,-1
-1,-1
96616,538
-1,-1
-1,-1
