218789,1210,18105829
228284,60,277096
187731,61,330551
186454,70,789202
206620,67,563188
218950,60,274258
239646,44,57171
252966,59,248273
393930,45,67890
187737,69,721904
276970,54,156203
312695,57,218576
103793,99,13036619
240511,51,113021
221327,51,112399
344533,47,80685
210131,41,41603
174779,70,762950
261299,50,101511
289438,25,8000
241184,32,16582
182545,45,66021
418711,9,1000
206189,44,61126
-1,-1
-1,-1
-1,-1
-1,-1
-1,-1
-1,-1
-1,-1
-1,-1
-1,-1
-1,-1
-1,-1
-1,-1
-1,-1
-1,-1
-1,-1
-1,-1
114074,11
-1,-1
-1,-1
-1,-1
-1,-1
-1,-1
-1,-1
-1,-1
-1,-1
-1,-1
-1,-1
-1,-1
-1,-1
-1,-1
-1,-1
-1,-1
-1,-1
-1,-1
-1,-1
-1,-1
-1,-1
-1,-1
-1,-1
-1,-1
-1,-1
-1,-1
-1,-1
-1,-1
-1,-1
-1,-1
-1,-1
-1,-1
-1,-1
-1,-1
-1,-1
-1,-1
-1,-1
-1,-1
-1,-1
-1,-1
119191,17
-1,-1
-1,-1
-1,-1
-1,-1
-1,-1
-1,-1
-1,-1
-1,-1
-1,-1
-1,-1
-1,-1
-1,-1
-1,-1
-1,-1
-1,-1
82572,538
-1,-1
-1,-1
