277766,1330,20778810
235655,70,741325
249654,68,613669
251195,73,1046587
256502,72,982643
267490,66,516799
343101,44,57196
322061,61,330771
465198,50,109468
234820,71,882465
359976,56,187155
329725,66,510412
137320,99,13037079
333738,51,118861
317054,51,112843
325525,62,339776
294264,41,42686
250323,70,763476
358554,51,115218
289343,48,83017
345300,32,16633
272339,47,82407
353398,35,23757
285962,45,64567
-1,1,0
-1,-1
-1,-1
-1,-1
-1,-1
-1,-1
-1,-1
-1,-1
-1,-1
-1,-1
-1,-1
-1,-1
251269,1
-1,-1
-1,-1
-1,-1
-1,-1
-1,-1
210607,14
-1,-1
-1,-1
-1,-1
-1,-1
-1,-1
-1,-1
-1,-1
-1,-1
-1,-1
-1,-1
-1,-1
-1,-1
-1,-1
-1,-1
-1,-1
-1,-1
-1,-1
-1,-1
-1,-1
-1,-1
-1,-1
-1,-1
-1,-1
-1,-1
-1,-1
-1,-1
-1,-1
-1,-1
-1,-1
-1,-1
-1,-1
-1,-1
-1,-1
-1,-1
-1,-1
-1,-1
-1,-1
-1,-1
-1,-1
-1,-1
-1,-1
-1,-1
-1,-1
90747,7
-1,-1
-1,-1
-1,-1
-1,-1
151017,50
-1,-1
-1,-1
-1,-1
-1,-1
-1,-1
-1,-1
-1,-1
-1,-1
-1,-1
-1,-1
-1,-1
-1,-1
-1,-1
-1,-1
-1,-1
-1,-1
-1,-1
111928,538
-1,-1
-1,-1
-1,-1
