224041,1329,20778810
185740,70,741325
197233,68,613669
197849,73,1046587
202953,72,982643
216929,66,516799
277380,44,57196
260114,61,330771
389614,50,109468
190193,71,882465
299607,56,187155
277110,66,510412
117846,99,13037079
270987,51,118861
255696,51,112843
260144,62,339776
240134,41,42686
201653,70,763476
285590,51,115218
237257,48,83017
277234,32,16633
210397,47,82407
286930,35,23757
234259,45,64567
-1,-1
-1,-1
-1,-1
-1,-1
-1,-1
-1,-1
-1,-1
-1,-1
-1,-1
-1,-1
212425,1
-1,-1
-1,-1
-1,-1
-1,-1
-1,-1
148544,14
-1,-1
-1,-1
-1,-1
-1,-1
-1,-1
-1,-1
-1,-1
-1,-1
-1,-1
-1,-1
-1,-1
-1,-1
-1,-1
-1,-1
-1,-1
-1,-1
-1,-1
-1,-1
-1,-1
-1,-1
-1,-1
-1,-1
-1,-1
-1,-1
-1,-1
-1,-1
-1,-1
-1,-1
-1,-1
-1,-1
-1,-1
-1,-1
-1,-1
-1,-1
-1,-1
-1,-1
-1,-1
-1,-1
-1,-1
-1,-1
-1,-1
50149,7
-1,-1
-1,-1
-1,-1
108940,50
-1,-1
-1,-1
-1,-1
-1,-1
-1,-1
-1,-1
-1,-1
-1,-1
-1,-1
-1,-1
-1,-1
-1,-1
-1,-1
-1,-1
-1,-1
-1,-1
94569,538
-1,-1
-1,-1
