229423,1329,20778810
190219,70,741325
201948,68,613669
202700,73,1046587
207872,72,982643
221917,66,516799
283866,44,57196
266413,61,330771
397267,50,109468
195146,71,882465
305694,56,187155
282622,66,510412
120388,99,13037079
277286,51,118861
261978,51,112843
267068,62,339776
245461,41,42686
206819,70,763476
292188,51,115218
242634,48,83017
283369,32,16633
216944,47,82407
292982,35,23757
239359,45,64567
-1,-1
-1,-1
-1,-1
-1,-1
-1,-1
-1,-1
-1,-1
-1,-1
-1,-1
-1,-1
216426,1
-1,-1
-1,-1
-1,-1
-1,-1
-1,-1
155393,14
-1,-1
-1,-1
-1,-1
-1,-1
-1,-1
-1,-1
-1,-1
-1,-1
-1,-1
-1,-1
-1,-1
-1,-1
-1,-1
-1,-1
-1,-1
-1,-1
-1,-1
-1,-1
-1,-1
-1,-1
-1,-1
-1,-1
-1,-1
-1,-1
-1,-1
-1,-1
-1,-1
-1,-1
-1,-1
-1,-1
-1,-1
-1,-1
-1,-1
-1,-1
-1,-1
-1,-1
-1,-1
-1,-1
-1,-1
-1,-1
-1,-1
54406,7
-1,-1
-1,-1
-1,-1
112513,50
-1,-1
-1,-1
-1,-1
-1,-1
-1,-1
-1,-1
-1,-1
-1,-1
-1,-1
-1,-1
-1,-1
-1,-1
-1,-1
-1,-1
-1,-1
-1,-1
96615,538
-1,-1
-1,-1
