201571,1329,20778810
166872,70,741325
177401,68,613669
178004,73,1046587
182708,72,982643
196558,66,516799
249327,44,57196
233964,61,330771
357142,50,109468
169933,71,882465
272308,56,187155
253459,66,510412
107106,99,13037079
244971,51,118861
229960,51,112843
231094,62,339776
216763,41,42686
180881,70,763476
256865,51,115218
214476,48,83017
250565,32,16633
184143,47,82407
259878,35,23757
211458,45,64567
-1,-1
-1,-1
-1,-1
-1,-1
-1,-1
-1,-1
-1,-1
-1,-1
-1,-1
-1,-1
196096,1
-1,-1
-1,-1
-1,-1
-1,-1
-1,-1
121309,14
-1,-1
-1,-1
-1,-1
-1,-1
-1,-1
-1,-1
-1,-1
-1,-1
-1,-1
-1,-1
-1,-1
-1,-1
-1,-1
-1,-1
-1,-1
-1,-1
-1,-1
-1,-1
-1,-1
-1,-1
-1,-1
-1,-1
-1,-1
-1,-1
-1,-1
-1,-1
-1,-1
-1,-1
-1,-1
-1,-1
-1,-1
-1,-1
-1,-1
-1,-1
-1,-1
-1,-1
-1,-1
-1,-1
-1,-1
27970,7
-1,-1
-1,-1
-1,-1
93090,50
-1,-1
-1,-1
-1,-1
-1,-1
-1,-1
-1,-1
-1,-1
-1,-1
-1,-1
-1,-1
-1,-1
-1,-1
-1,-1
-1,-1
-1,-1
86064,538
-1,-1
-1,-1
