220935,1329,20778810
183030,70,741325
194414,68,613669
194928,73,1046587
200102,72,982643
214162,66,516799
273476,44,57196
256480,61,330771
385275,50,109468
187398,71,882465
295994,56,187155
274008,66,510412
116264,99,13037079
267255,51,118861
252242,51,112843
256298,62,339776
236930,41,42686
198407,70,763476
281546,51,115218
234067,48,83017
273560,32,16633
206931,47,82407
283246,35,23757
231202,45,64567
-1,-1
-1,-1
-1,-1
-1,-1
-1,-1
-1,-1
-1,-1
-1,-1
-1,-1
-1,-1
209988,1
-1,-1
-1,-1
-1,-1
-1,-1
-1,-1
145077,14
-1,-1
-1,-1
-1,-1
-1,-1
-1,-1
-1,-1
-1,-1
-1,-1
-1,-1
-1,-1
-1,-1
-1,-1
-1,-1
-1,-1
-1,-1
-1,-1
-1,-1
-1,-1
-1,-1
-1,-1
-1,-1
-1,-1
-1,-1
-1,-1
-1,-1
-1,-1
-1,-1
-1,-1
-1,-1
-1,-1
-1,-1
-1,-1
-1,-1
-1,-1
-1,-1
-1,-1
-1,-1
-1,-1
-1,-1
-1,-1
-1,-1
47244,7
-1,-1
-1,-1
-1,-1
106787,50
-1,-1
-1,-1
-1,-1
-1,-1
-1,-1
-1,-1
-1,-1
-1,-1
-1,-1
-1,-1
-1,-1
-1,-1
-1,-1
-1,-1
-1,-1
-1,-1
93289,538
-1,-1
-1,-1
