231880,1329,20778810
192344,70,741325
204074,68,613669
204952,73,1046587
210222,72,982643
224187,66,516799
287042,44,57196
269358,61,330771
400946,50,109468
197451,71,882465
308349,56,187155
285336,66,510412
121369,99,13037079
280174,51,118861
264908,51,112843
270387,62,339776
248062,41,42686
209137,70,763476
295471,51,115218
245213,48,83017
286413,32,16633
220037,47,82407
295954,35,23757
241832,45,64567
-1,-1
-1,-1
-1,-1
-1,-1
-1,-1
-1,-1
-1,-1
-1,-1
-1,-1
-1,-1
218489,1
-1,-1
-1,-1
-1,-1
-1,-1
-1,-1
158589,14
-1,-1
-1,-1
-1,-1
-1,-1
-1,-1
-1,-1
-1,-1
-1,-1
-1,-1
-1,-1
-1,-1
-1,-1
-1,-1
-1,-1
-1,-1
-1,-1
-1,-1
-1,-1
-1,-1
-1,-1
-1,-1
-1,-1
-1,-1
-1,-1
-1,-1
-1,-1
-1,-1
-1,-1
-1,-1
-1,-1
-1,-1
-1,-1
-1,-1
-1,-1
-1,-1
-1,-1
-1,-1
-1,-1
-1,-1
-1,-1
-1,-1
-1,-1
56518,7
-1,-1
-1,-1
-1,-1
114278,50
-1,-1
-1,-1
-1,-1
-1,-1
-1,-1
-1,-1
-1,-1
-1,-1
-1,-1
-1,-1
-1,-1
-1,-1
-1,-1
-1,-1
-1,-1
-1,-1
97346,538
-1,-1
-1,-1
