215481,1167,16855976
216650,60,277076
244634,48,84651
252165,56,187354
229605,60,281447
207729,60,274258
226896,44,57148
239670,59,248195
375826,45,66890
178975,69,691546
314235,46,69322
296293,57,218576
96884,99,13036619
226880,51,112021
208184,51,112399
324453,47,80685
198781,41,41603
164327,70,762946
246571,50,101511
275519,25,8000
229168,31,15582
167102,45,66021
405745,9,1000
193958,44,61126
-1,-1
-1,-1
-1,-1
-1,-1
-1,-1
-1,-1
-1,-1
-1,-1
-1,-1
-1,-1
-1,-1
-1,-1
-1,-1
-1,-1
-1,-1
96052,11
-1,-1
-1,-1
-1,-1
-1,-1
-1,-1
-1,-1
-1,-1
-1,-1
-1,-1
-1,-1
-1,-1
-1,-1
-1,-1
-1,-1
-1,-1
-1,-1
-1,-1
-1,-1
-1,-1
-1,-1
-1,-1
-1,-1
-1,-1
-1,-1
-1,-1
-1,-1
-1,-1
-1,-1
-1,-1
-1,-1
-1,-1
-1,-1
-1,-1
-1,-1
-1,-1
-1,-1
-1,-1
-1,-1
-1,-1
101992,17
-1,-1
-1,-1
-1,-1
-1,-1
-1,-1
-1,-1
-1,-1
-1,-1
-1,-1
-1,-1
-1,-1
-1,-1
-1,-1
-1,-1
-1,-1
76818,538
-1,-1
-1,-1
