231893,1329,20778810
192358,70,741325
204093,68,613669
204962,73,1046587
210237,72,982643
224200,66,516799
287059,44,57196
269382,61,330771
400963,50,109468
197464,71,882465
308366,56,187155
285358,66,510412
121379,99,13037079
280198,51,118861
264925,51,112843
270408,62,339776
248076,41,42686
209142,70,763476
295487,51,115218
245229,48,83017
286433,32,16633
220054,47,82407
295981,35,23757
241842,45,64567
-1,-1
-1,-1
-1,-1
-1,-1
-1,-1
-1,-1
-1,-1
-1,-1
-1,-1
-1,-1
218497,1
-1,-1
-1,-1
-1,-1
-1,-1
-1,-1
158606,14
-1,-1
-1,-1
-1,-1
-1,-1
-1,-1
-1,-1
-1,-1
-1,-1
-1,-1
-1,-1
-1,-1
-1,-1
-1,-1
-1,-1
-1,-1
-1,-1
-1,-1
-1,-1
-1,-1
-1,-1
-1,-1
-1,-1
-1,-1
-1,-1
-1,-1
-1,-1
-1,-1
-1,-1
-1,-1
-1,-1
-1,-1
-1,-1
-1,-1
-1,-1
-1,-1
-1,-1
-1,-1
-1,-1
-1,-1
-1,-1
-1,-1
-1,-1
56533,7
-1,-1
-1,-1
-1,-1
114286,50
-1,-1
-1,-1
-1,-1
-1,-1
-1,-1
-1,-1
-1,-1
-1,-1
-1,-1
-1,-1
-1,-1
-1,-1
-1,-1
-1,-1
-1,-1
-1,-1
97352,538
-1,-1
-1,-1
