240498,1329,20778810
200089,70,741325
212128,68,613669
213052,73,1046587
218431,72,982643
232186,66,516799
298335,44,57196
279765,61,330771
413707,50,109468
205133,71,882465
317786,56,187155
294271,66,510412
125038,99,13037079
290666,51,118861
275531,51,112843
281661,62,339776
257344,41,42686
217573,70,763476
307505,51,115218
254053,48,83017
297745,32,16633
230119,47,82407
307249,35,23757
250419,45,64567
-1,-1
-1,-1
-1,-1
-1,-1
-1,-1
-1,-1
-1,-1
-1,-1
-1,-1
-1,-1
225495,1
-1,-1
-1,-1
-1,-1
-1,-1
-1,-1
168740,14
-1,-1
-1,-1
-1,-1
-1,-1
-1,-1
-1,-1
-1,-1
-1,-1
-1,-1
-1,-1
-1,-1
-1,-1
-1,-1
-1,-1
-1,-1
-1,-1
-1,-1
-1,-1
-1,-1
-1,-1
-1,-1
-1,-1
-1,-1
-1,-1
-1,-1
-1,-1
-1,-1
-1,-1
-1,-1
-1,-1
-1,-1
-1,-1
-1,-1
-1,-1
-1,-1
-1,-1
-1,-1
-1,-1
-1,-1
-1,-1
-1,-1
-1,-1
64427,7
-1,-1
-1,-1
-1,-1
120880,50
-1,-1
-1,-1
-1,-1
-1,-1
-1,-1
-1,-1
-1,-1
-1,-1
-1,-1
-1,-1
-1,-1
-1,-1
-1,-1
-1,-1
-1,-1
-1,-1
-1,-1
100209,538
-1,-1
-1,-1
