252615,1329,20778810
210684,70,741325
223585,68,613669
224240,73,1046587
229682,72,982643
243165,66,516799
314630,44,57196
294394,61,330771
433465,50,109468
214880,71,882465
332099,56,187155
307023,66,510412
129932,99,13037079
305919,51,118861
290169,51,112843
297181,62,339776
270149,41,42686
229415,70,763476
325917,51,115218
266277,48,83017
314845,32,16633
245623,47,82407
323692,35,23757
261971,45,64567
-1,-1
-1,-1
-1,-1
-1,-1
-1,-1
-1,-1
-1,-1
-1,-1
-1,-1
-1,-1
234744,1
-1,-1
-1,-1
-1,-1
-1,-1
-1,-1
184388,14
-1,-1
-1,-1
-1,-1
-1,-1
-1,-1
-1,-1
-1,-1
-1,-1
-1,-1
-1,-1
-1,-1
-1,-1
-1,-1
-1,-1
-1,-1
-1,-1
-1,-1
-1,-1
-1,-1
-1,-1
-1,-1
-1,-1
-1,-1
-1,-1
-1,-1
-1,-1
-1,-1
-1,-1
-1,-1
-1,-1
-1,-1
-1,-1
-1,-1
-1,-1
-1,-1
-1,-1
-1,-1
-1,-1
-1,-1
-1,-1
-1,-1
-1,-1
-1,-1
75110,7
-1,-1
-1,-1
-1,-1
131340,50
-1,-1
-1,-1
-1,-1
-1,-1
-1,-1
-1,-1
-1,-1
-1,-1
-1,-1
-1,-1
-1,-1
-1,-1
-1,-1
-1,-1
-1,-1
-1,-1
-1,-1
104678,538
-1,-1
-1,-1
-1,-1
