224044,1210,18105829
233682,60,277096
192175,61,330551
191049,70,789202
211436,67,563188
223922,60,274258
245549,44,57171
258747,59,248273
402757,45,67890
192926,69,721904
283559,54,156203
319774,57,218576
106540,99,13036619
246324,51,113021
227107,51,112399
352833,47,80685
214958,41,41603
178755,70,762950
267758,50,101511
295832,25,8000
247010,32,16582
188693,45,66021
425353,9,1000
211491,44,61126
-1,-1
-1,-1
-1,-1
-1,-1
-1,-1
-1,-1
-1,-1
-1,-1
-1,-1
-1,-1
-1,-1
-1,-1
-1,-1
-1,-1
-1,-1
-1,-1
121069,11
-1,-1
-1,-1
-1,-1
-1,-1
-1,-1
-1,-1
-1,-1
-1,-1
-1,-1
-1,-1
-1,-1
-1,-1
-1,-1
-1,-1
-1,-1
-1,-1
-1,-1
-1,-1
-1,-1
-1,-1
-1,-1
-1,-1
-1,-1
-1,-1
-1,-1
-1,-1
-1,-1
-1,-1
-1,-1
-1,-1
-1,-1
-1,-1
-1,-1
-1,-1
-1,-1
-1,-1
-1,-1
-1,-1
-1,-1
-1,-1
125695,17
-1,-1
-1,-1
-1,-1
-1,-1
-1,-1
-1,-1
-1,-1
-1,-1
-1,-1
-1,-1
-1,-1
-1,-1
-1,-1
-1,-1
-1,-1
84820,538
-1,-1
-1,-1
