204993,1329,20778810
169682,70,741325
180441,68,613669
181060,73,1046587
185667,72,982643
199631,66,516799
253580,44,57196
237753,61,330771
362051,50,109468
172956,71,882465
276594,56,187155
256975,66,510412
108795,99,13037079
248863,51,118861
233869,51,112843
235218,62,339776
220369,41,42686
183678,70,763476
261471,51,115218
218157,48,83017
254796,32,16633
187990,47,82407
264329,35,23757
214976,45,64567
-1,-1
-1,-1
-1,-1
-1,-1
-1,-1
-1,-1
-1,-1
-1,-1
-1,-1
-1,-1
198067,1
-1,-1
-1,-1
-1,-1
-1,-1
-1,-1
125187,14
-1,-1
-1,-1
-1,-1
-1,-1
-1,-1
-1,-1
-1,-1
-1,-1
-1,-1
-1,-1
-1,-1
-1,-1
-1,-1
-1,-1
-1,-1
-1,-1
-1,-1
-1,-1
-1,-1
-1,-1
-1,-1
-1,-1
-1,-1
-1,-1
-1,-1
-1,-1
-1,-1
-1,-1
-1,-1
-1,-1
-1,-1
-1,-1
-1,-1
-1,-1
-1,-1
-1,-1
-1,-1
-1,-1
-1,-1
31952,7
-1,-1
-1,-1
-1,-1
95455,50
-1,-1
-1,-1
-1,-1
-1,-1
-1,-1
-1,-1
-1,-1
-1,-1
-1,-1
-1,-1
-1,-1
-1,-1
-1,-1
-1,-1
-1,-1
87409,538
-1,-1
-1,-1
