220905,1329,20778810
183013,70,741325
194391,68,613669
194909,73,1046587
200088,72,982643
214135,66,516799
273435,44,57196
256464,61,330771
385253,50,109468
187379,71,882465
295967,56,187155
273980,66,510412
116255,99,13037079
267230,51,118861
252220,51,112843
256274,62,339776
236906,41,42686
198372,70,763476
281509,51,115218
234037,48,83017
273535,32,16633
206904,47,82407
283227,35,23757
231175,45,64567
-1,-1
-1,-1
-1,-1
-1,-1
-1,-1
-1,-1
-1,-1
-1,-1
-1,-1
-1,-1
209972,1
-1,-1
-1,-1
-1,-1
-1,-1
-1,-1
145049,14
-1,-1
-1,-1
-1,-1
-1,-1
-1,-1
-1,-1
-1,-1
-1,-1
-1,-1
-1,-1
-1,-1
-1,-1
-1,-1
-1,-1
-1,-1
-1,-1
-1,-1
-1,-1
-1,-1
-1,-1
-1,-1
-1,-1
-1,-1
-1,-1
-1,-1
-1,-1
-1,-1
-1,-1
-1,-1
-1,-1
-1,-1
-1,-1
-1,-1
-1,-1
-1,-1
-1,-1
-1,-1
-1,-1
-1,-1
-1,-1
-1,-1
47222,7
-1,-1
-1,-1
-1,-1
106772,50
-1,-1
-1,-1
-1,-1
-1,-1
-1,-1
-1,-1
-1,-1
-1,-1
-1,-1
-1,-1
-1,-1
-1,-1
-1,-1
-1,-1
-1,-1
-1,-1
93278,538
-1,-1
-1,-1
