221215,1210,18105829
230782,60,277096
189856,61,330551
188610,70,789202
208878,67,563188
221270,60,274258
242374,44,57171
255656,59,248273
398057,45,67890
190143,69,721904
280037,54,156203
316066,57,218576
105098,99,13036619
243232,51,113021
223905,51,112399
348299,47,80685
212382,41,41603
176693,70,762950
264285,50,101511
292271,25,8000
243890,32,16582
185464,45,66021
421777,9,1000
208716,44,61126
-1,-1
-1,-1
-1,-1
-1,-1
-1,-1
-1,-1
-1,-1
-1,-1
-1,-1
-1,-1
-1,-1
-1,-1
-1,-1
-1,-1
-1,-1
-1,-1
117474,11
-1,-1
-1,-1
-1,-1
-1,-1
-1,-1
-1,-1
-1,-1
-1,-1
-1,-1
-1,-1
-1,-1
-1,-1
-1,-1
-1,-1
-1,-1
-1,-1
-1,-1
-1,-1
-1,-1
-1,-1
-1,-1
-1,-1
-1,-1
-1,-1
-1,-1
-1,-1
-1,-1
-1,-1
-1,-1
-1,-1
-1,-1
-1,-1
-1,-1
-1,-1
-1,-1
-1,-1
-1,-1
-1,-1
-1,-1
-1,-1
122392,17
-1,-1
-1,-1
-1,-1
-1,-1
-1,-1
-1,-1
-1,-1
-1,-1
-1,-1
-1,-1
-1,-1
-1,-1
-1,-1
-1,-1
-1,-1
83636,538
-1,-1
-1,-1
