221048,1167,16862712
221812,60,277076
250383,48,84651
256889,56,192410
234766,60,283127
212749,60,274258
232626,44,57148
245603,59,248195
384285,45,66890
184235,69,691546
322164,46,69322
303572,57,218576
100047,99,13036619
233326,51,112021
213874,51,112399
333319,47,80685
203841,41,41603
169123,70,762946
253103,50,101511
281734,25,8000
235056,31,15582
174043,45,66021
410875,9,1000
199301,44,61126
-1,-1
-1,-1
-1,-1
-1,-1
-1,-1
-1,-1
-1,-1
-1,-1
-1,-1
-1,-1
-1,-1
-1,-1
-1,-1
-1,-1
-1,-1
-1,-1
104150,11
-1,-1
-1,-1
-1,-1
-1,-1
-1,-1
-1,-1
-1,-1
-1,-1
-1,-1
-1,-1
-1,-1
-1,-1
-1,-1
-1,-1
-1,-1
-1,-1
-1,-1
-1,-1
-1,-1
-1,-1
-1,-1
-1,-1
-1,-1
-1,-1
-1,-1
-1,-1
-1,-1
-1,-1
-1,-1
-1,-1
-1,-1
-1,-1
-1,-1
-1,-1
-1,-1
-1,-1
-1,-1
-1,-1
-1,-1
109807,17
-1,-1
-1,-1
-1,-1
-1,-1
-1,-1
-1,-1
-1,-1
-1,-1
-1,-1
-1,-1
-1,-1
-1,-1
-1,-1
-1,-1
-1,-1
79475,538
-1,-1
-1,-1
