201599,1329,20778810
166898,70,741325
177429,68,613669
178033,73,1046587
182728,72,982643
196582,66,516799
249358,44,57196
234008,61,330771
357181,50,109468
169969,71,882465
272340,56,187155
253491,66,510412
107121,99,13037079
245006,51,118861
229985,51,112843
231130,62,339776
216798,41,42686
180903,70,763476
256904,51,115218
214524,48,83017
250599,32,16633
184174,47,82407
259914,35,23757
211490,45,64567
-1,-1
-1,-1
-1,-1
-1,-1
-1,-1
-1,-1
-1,-1
-1,-1
-1,-1
-1,-1
196112,1
-1,-1
-1,-1
-1,-1
-1,-1
-1,-1
121339,14
-1,-1
-1,-1
-1,-1
-1,-1
-1,-1
-1,-1
-1,-1
-1,-1
-1,-1
-1,-1
-1,-1
-1,-1
-1,-1
-1,-1
-1,-1
-1,-1
-1,-1
-1,-1
-1,-1
-1,-1
-1,-1
-1,-1
-1,-1
-1,-1
-1,-1
-1,-1
-1,-1
-1,-1
-1,-1
-1,-1
-1,-1
-1,-1
-1,-1
-1,-1
-1,-1
-1,-1
-1,-1
-1,-1
-1,-1
28000,7
-1,-1
-1,-1
-1,-1
93118,50
-1,-1
-1,-1
-1,-1
-1,-1
-1,-1
-1,-1
-1,-1
-1,-1
-1,-1
-1,-1
-1,-1
-1,-1
-1,-1
-1,-1
-1,-1
86079,538
-1,-1
-1,-1
