220951,1329,20778810
183041,70,741325
194424,68,613669
194955,73,1046587
200123,72,982643
214180,66,516799
273509,44,57196
256504,61,330771
385309,50,109468
187414,71,882465
296013,56,187155
274028,66,510412
116273,99,13037079
267280,51,118861
252273,51,112843
256323,62,339776
236940,41,42686
198427,70,763476
281567,51,115218
234090,48,83017
273582,32,16633
206951,47,82407
283270,35,23757
231227,45,64567
-1,-1
-1,-1
-1,-1
-1,-1
-1,-1
-1,-1
-1,-1
-1,-1
-1,-1
-1,-1
210006,1
-1,-1
-1,-1
-1,-1
-1,-1
-1,-1
145099,14
-1,-1
-1,-1
-1,-1
-1,-1
-1,-1
-1,-1
-1,-1
-1,-1
-1,-1
-1,-1
-1,-1
-1,-1
-1,-1
-1,-1
-1,-1
-1,-1
-1,-1
-1,-1
-1,-1
-1,-1
-1,-1
-1,-1
-1,-1
-1,-1
-1,-1
-1,-1
-1,-1
-1,-1
-1,-1
-1,-1
-1,-1
-1,-1
-1,-1
-1,-1
-1,-1
-1,-1
-1,-1
-1,-1
-1,-1
-1,-1
-1,-1
47261,7
-1,-1
-1,-1
-1,-1
106799,50
-1,-1
-1,-1
-1,-1
-1,-1
-1,-1
-1,-1
-1,-1
-1,-1
-1,-1
-1,-1
-1,-1
-1,-1
-1,-1
-1,-1
-1,-1
-1,-1
93294,538
-1,-1
-1,-1
