237363,1329,20778810
197205,70,741325
209099,68,613669
210163,73,1046587
215416,72,982643
229296,66,516799
294209,44,57196
275978,61,330771
409048,50,109468
202397,71,882465
314490,56,187155
291107,66,510412
123797,99,13037079
286815,51,118861
271662,51,112843
277592,62,339776
253969,41,42686
214400,70,763476
303084,51,115218
250786,48,83017
293405,32,16633
226561,47,82407
303066,35,23757
247237,45,64567
-1,-1
-1,-1
-1,-1
-1,-1
-1,-1
-1,-1
-1,-1
-1,-1
-1,-1
-1,-1
222959,1
-1,-1
-1,-1
-1,-1
-1,-1
-1,-1
165155,14
-1,-1
-1,-1
-1,-1
-1,-1
-1,-1
-1,-1
-1,-1
-1,-1
-1,-1
-1,-1
-1,-1
-1,-1
-1,-1
-1,-1
-1,-1
-1,-1
-1,-1
-1,-1
-1,-1
-1,-1
-1,-1
-1,-1
-1,-1
-1,-1
-1,-1
-1,-1
-1,-1
-1,-1
-1,-1
-1,-1
-1,-1
-1,-1
-1,-1
-1,-1
-1,-1
-1,-1
-1,-1
-1,-1
-1,-1
-1,-1
-1,-1
-1,-1
61442,7
-1,-1
-1,-1
-1,-1
118460,50
-1,-1
-1,-1
-1,-1
-1,-1
-1,-1
-1,-1
-1,-1
-1,-1
-1,-1
-1,-1
-1,-1
-1,-1
-1,-1
-1,-1
-1,-1
-1,-1
-1,-1
99225,538
-1,-1
-1,-1
