213617,1163,16793966
214035,60,277076
241758,48,84651
263773,53,140806
229585,59,265985
205114,60,274258
224046,44,57148
236739,59,248195
371696,45,66890
175320,69,691546
310224,46,69322
292885,57,218576
95286,99,13036619
223883,51,112021
205234,51,112399
320417,47,80685
196298,41,41603
161753,70,762946
243435,50,101511
272547,25,8000
226160,31,15582
163622,45,66021
403538,9,1000
191207,44,61126
-1,-1
-1,-1
-1,-1
-1,-1
-1,-1
-1,-1
-1,-1
-1,-1
-1,-1
-1,-1
-1,-1
-1,-1
-1,-1
-1,-1
-1,-1
91903,11
-1,-1
-1,-1
-1,-1
-1,-1
-1,-1
-1,-1
-1,-1
-1,-1
-1,-1
-1,-1
-1,-1
-1,-1
-1,-1
-1,-1
-1,-1
-1,-1
-1,-1
-1,-1
-1,-1
-1,-1
-1,-1
-1,-1
-1,-1
-1,-1
-1,-1
-1,-1
-1,-1
-1,-1
-1,-1
-1,-1
-1,-1
-1,-1
-1,-1
-1,-1
-1,-1
-1,-1
-1,-1
-1,-1
97724,17
-1,-1
-1,-1
-1,-1
-1,-1
-1,-1
-1,-1
-1,-1
-1,-1
-1,-1
-1,-1
-1,-1
-1,-1
75437,538
-1,-1
-1,-1
