277983,1330,20778810
235835,70,741325
249825,68,613669
251375,73,1046587
256705,72,982643
267657,66,516799
343322,44,57196
322288,61,330771
465459,50,109468
235013,71,882465
360198,56,187155
329940,66,510412
137394,99,13037079
333932,51,118861
317293,51,112843
325756,62,339776
294440,41,42686
250514,70,763476
358880,51,115218
289556,48,83017
345547,32,16633
272554,47,82407
353638,35,23757
286241,45,64567
-1,1,0
-1,-1
-1,-1
-1,-1
-1,-1
-1,-1
-1,-1
-1,-1
-1,-1
-1,-1
-1,-1
-1,-1
251392,1
-1,-1
-1,-1
-1,-1
-1,-1
-1,-1
210821,14
-1,-1
-1,-1
-1,-1
-1,-1
-1,-1
-1,-1
-1,-1
-1,-1
-1,-1
-1,-1
-1,-1
-1,-1
-1,-1
-1,-1
-1,-1
-1,-1
-1,-1
-1,-1
-1,-1
-1,-1
-1,-1
-1,-1
-1,-1
-1,-1
-1,-1
-1,-1
-1,-1
-1,-1
-1,-1
-1,-1
-1,-1
-1,-1
-1,-1
-1,-1
-1,-1
-1,-1
-1,-1
-1,-1
-1,-1
-1,-1
-1,-1
-1,-1
-1,-1
90838,7
-1,-1
-1,-1
-1,-1
-1,-1
151164,50
-1,-1
-1,-1
-1,-1
-1,-1
-1,-1
-1,-1
-1,-1
-1,-1
-1,-1
-1,-1
-1,-1
-1,-1
-1,-1
-1,-1
-1,-1
-1,-1
-1,-1
111989,538
-1,-1
-1,-1
-1,-1
