226121,1167,16862712
226455,60,277076
255583,48,84651
262108,56,192410
239699,60,283127
217134,60,274258
237660,44,57148
250943,59,248195
392141,45,66890
189213,69,691546
329167,46,69322
310116,57,218576
102626,99,13036619
239418,51,112021
219253,51,112399
341588,47,80685
208351,41,41603
173064,70,762946
259020,50,101511
287224,25,8000
240541,31,15582
180359,45,66021
416510,9,1000
204243,44,61126
-1,-1
-1,-1
-1,-1
-1,-1
-1,-1
-1,-1
-1,-1
-1,-1
-1,-1
-1,-1
-1,-1
-1,-1
-1,-1
-1,-1
-1,-1
-1,-1
111591,11
-1,-1
-1,-1
-1,-1
-1,-1
-1,-1
-1,-1
-1,-1
-1,-1
-1,-1
-1,-1
-1,-1
-1,-1
-1,-1
-1,-1
-1,-1
-1,-1
-1,-1
-1,-1
-1,-1
-1,-1
-1,-1
-1,-1
-1,-1
-1,-1
-1,-1
-1,-1
-1,-1
-1,-1
-1,-1
-1,-1
-1,-1
-1,-1
-1,-1
-1,-1
-1,-1
-1,-1
-1,-1
-1,-1
-1,-1
116834,17
-1,-1
-1,-1
-1,-1
-1,-1
-1,-1
-1,-1
-1,-1
-1,-1
-1,-1
-1,-1
-1,-1
-1,-1
-1,-1
-1,-1
-1,-1
81646,538
-1,-1
-1,-1
