226179,1167,16862712
226511,60,277076
255622,48,84651
262150,56,192410
239742,60,283127
217186,60,274258
237703,44,57148
250981,59,248195
392200,45,66890
189257,69,691546
329229,46,69322
310163,57,218576
102655,99,13036619
239462,51,112021
219302,51,112399
341656,47,80685
208390,41,41603
173101,70,762946
259067,50,101511
287275,25,8000
240579,31,15582
180406,45,66021
416556,9,1000
204290,44,61126
-1,-1
-1,-1
-1,-1
-1,-1
-1,-1
-1,-1
-1,-1
-1,-1
-1,-1
-1,-1
-1,-1
-1,-1
-1,-1
-1,-1
-1,-1
-1,-1
111646,11
-1,-1
-1,-1
-1,-1
-1,-1
-1,-1
-1,-1
-1,-1
-1,-1
-1,-1
-1,-1
-1,-1
-1,-1
-1,-1
-1,-1
-1,-1
-1,-1
-1,-1
-1,-1
-1,-1
-1,-1
-1,-1
-1,-1
-1,-1
-1,-1
-1,-1
-1,-1
-1,-1
-1,-1
-1,-1
-1,-1
-1,-1
-1,-1
-1,-1
-1,-1
-1,-1
-1,-1
-1,-1
-1,-1
-1,-1
116882,17
-1,-1
-1,-1
-1,-1
-1,-1
-1,-1
-1,-1
-1,-1
-1,-1
-1,-1
-1,-1
-1,-1
-1,-1
-1,-1
-1,-1
-1,-1
81663,538
-1,-1
-1,-1
