214311,1329,20778810
177592,70,741325
188632,68,613669
189101,73,1046587
194096,72,982643
208198,66,516799
265277,44,57196
248703,61,330771
375470,50,109468
181389,71,882465
288354,56,187155
266902,66,510412
113596,99,13037079
259523,51,118861
244511,51,112843
247739,62,339776
230077,41,42686
192029,70,763476
273132,51,115218
227557,48,83017
265972,32,16633
199001,47,82407
275529,35,23757
224688,45,64567
-1,-1
-1,-1
-1,-1
-1,-1
-1,-1
-1,-1
-1,-1
-1,-1
-1,-1
-1,-1
204896,1
-1,-1
-1,-1
-1,-1
-1,-1
-1,-1
136789,14
-1,-1
-1,-1
-1,-1
-1,-1
-1,-1
-1,-1
-1,-1
-1,-1
-1,-1
-1,-1
-1,-1
-1,-1
-1,-1
-1,-1
-1,-1
-1,-1
-1,-1
-1,-1
-1,-1
-1,-1
-1,-1
-1,-1
-1,-1
-1,-1
-1,-1
-1,-1
-1,-1
-1,-1
-1,-1
-1,-1
-1,-1
-1,-1
-1,-1
-1,-1
-1,-1
-1,-1
-1,-1
-1,-1
-1,-1
41501,7
-1,-1
-1,-1
-1,-1
102037,50
-1,-1
-1,-1
-1,-1
-1,-1
-1,-1
-1,-1
-1,-1
-1,-1
-1,-1
-1,-1
-1,-1
-1,-1
-1,-1
-1,-1
-1,-1
91224,538
-1,-1
-1,-1
