240615,1329,20778810
200177,70,741325
212215,68,613669
213146,73,1046587
218522,72,982643
232285,66,516799
298468,44,57196
279886,61,330771
413843,50,109468
205200,71,882465
317923,56,187155
294381,66,510412
125081,99,13037079
290770,51,118861
275643,51,112843
281822,62,339776
257437,41,42686
217680,70,763476
307652,51,115218
254166,48,83017
297863,32,16633
230230,47,82407
307374,35,23757
250514,45,64567
-1,-1
-1,-1
-1,-1
-1,-1
-1,-1
-1,-1
-1,-1
-1,-1
-1,-1
-1,-1
225583,1
-1,-1
-1,-1
-1,-1
-1,-1
-1,-1
168845,14
-1,-1
-1,-1
-1,-1
-1,-1
-1,-1
-1,-1
-1,-1
-1,-1
-1,-1
-1,-1
-1,-1
-1,-1
-1,-1
-1,-1
-1,-1
-1,-1
-1,-1
-1,-1
-1,-1
-1,-1
-1,-1
-1,-1
-1,-1
-1,-1
-1,-1
-1,-1
-1,-1
-1,-1
-1,-1
-1,-1
-1,-1
-1,-1
-1,-1
-1,-1
-1,-1
-1,-1
-1,-1
-1,-1
-1,-1
-1,-1
-1,-1
-1,-1
64516,7
-1,-1
-1,-1
-1,-1
120946,50
-1,-1
-1,-1
-1,-1
-1,-1
-1,-1
-1,-1
-1,-1
-1,-1
-1,-1
-1,-1
-1,-1
-1,-1
-1,-1
-1,-1
-1,-1
-1,-1
-1,-1
100232,538
-1,-1
-1,-1
