218462,1167,16862712
219394,60,277076
247739,48,84651
254158,56,192410
232191,60,283127
210344,60,274258
229963,44,57148
242853,59,248195
380437,45,66890
181868,69,691546
318470,46,69322
300179,57,218576
98591,99,13036619
230137,51,112021
211169,51,112399
328947,47,80685
201481,41,41603
166929,70,762946
250093,50,101511
278846,25,8000
232292,31,15582
170855,45,66021
408512,9,1000
196883,44,61126
-1,-1
-1,-1
-1,-1
-1,-1
-1,-1
-1,-1
-1,-1
-1,-1
-1,-1
-1,-1
-1,-1
-1,-1
-1,-1
-1,-1
-1,-1
-1,-1
100433,11
-1,-1
-1,-1
-1,-1
-1,-1
-1,-1
-1,-1
-1,-1
-1,-1
-1,-1
-1,-1
-1,-1
-1,-1
-1,-1
-1,-1
-1,-1
-1,-1
-1,-1
-1,-1
-1,-1
-1,-1
-1,-1
-1,-1
-1,-1
-1,-1
-1,-1
-1,-1
-1,-1
-1,-1
-1,-1
-1,-1
-1,-1
-1,-1
-1,-1
-1,-1
-1,-1
-1,-1
-1,-1
-1,-1
-1,-1
106230,17
-1,-1
-1,-1
-1,-1
-1,-1
-1,-1
-1,-1
-1,-1
-1,-1
-1,-1
-1,-1
-1,-1
-1,-1
-1,-1
-1,-1
-1,-1
78284,538
-1,-1
-1,-1
