252955,1329,20778810
211036,70,741325
224043,68,613669
224710,73,1046587
230119,72,982643
243637,66,516799
315063,44,57196
294760,61,330771
434000,50,109468
215131,71,882465
332541,56,187155
307326,66,510412
130077,99,13037079
306302,51,118861
290505,51,112843
297500,62,339776
270459,41,42686
229640,70,763476
326359,51,115218
266547,48,83017
315282,32,16633
246029,47,82407
324108,35,23757
262237,45,64567
-1,-1
-1,-1
-1,-1
-1,-1
-1,-1
-1,-1
-1,-1
-1,-1
-1,-1
-1,-1
234915,1
-1,-1
-1,-1
-1,-1
-1,-1
-1,-1
184793,14
-1,-1
-1,-1
-1,-1
-1,-1
-1,-1
-1,-1
-1,-1
-1,-1
-1,-1
-1,-1
-1,-1
-1,-1
-1,-1
-1,-1
-1,-1
-1,-1
-1,-1
-1,-1
-1,-1
-1,-1
-1,-1
-1,-1
-1,-1
-1,-1
-1,-1
-1,-1
-1,-1
-1,-1
-1,-1
-1,-1
-1,-1
-1,-1
-1,-1
-1,-1
-1,-1
-1,-1
-1,-1
-1,-1
-1,-1
-1,-1
-1,-1
-1,-1
-1,-1
75341,7
-1,-1
-1,-1
-1,-1
131579,50
-1,-1
-1,-1
-1,-1
-1,-1
-1,-1
-1,-1
-1,-1
-1,-1
-1,-1
-1,-1
-1,-1
-1,-1
-1,-1
-1,-1
-1,-1
-1,-1
-1,-1
104817,538
-1,-1
-1,-1
-1,-1
