217622,1329,20778810
180199,70,741325
191525,68,613669
191963,73,1046587
197030,72,982643
211135,66,516799
269551,44,57196
252664,61,330771
380654,50,109468
184412,71,882465
292180,56,187155
270621,66,510412
114921,99,13037079
263453,51,118861
248457,51,112843
252070,62,339776
233624,41,42686
195026,70,763476
277413,51,115218
230782,48,83017
269957,32,16633
203066,47,82407
279552,35,23757
227984,45,64567
-1,-1
-1,-1
-1,-1
-1,-1
-1,-1
-1,-1
-1,-1
-1,-1
-1,-1
-1,-1
207430,1
-1,-1
-1,-1
-1,-1
-1,-1
-1,-1
141118,14
-1,-1
-1,-1
-1,-1
-1,-1
-1,-1
-1,-1
-1,-1
-1,-1
-1,-1
-1,-1
-1,-1
-1,-1
-1,-1
-1,-1
-1,-1
-1,-1
-1,-1
-1,-1
-1,-1
-1,-1
-1,-1
-1,-1
-1,-1
-1,-1
-1,-1
-1,-1
-1,-1
-1,-1
-1,-1
-1,-1
-1,-1
-1,-1
-1,-1
-1,-1
-1,-1
-1,-1
-1,-1
-1,-1
-1,-1
-1,-1
44528,7
-1,-1
-1,-1
-1,-1
104465,50
-1,-1
-1,-1
-1,-1
-1,-1
-1,-1
-1,-1
-1,-1
-1,-1
-1,-1
-1,-1
-1,-1
-1,-1
-1,-1
-1,-1
-1,-1
92218,538
-1,-1
-1,-1
