213695,1163,16793966
214121,60,277076
241858,48,84651
263871,53,140806
229676,59,265985
205196,60,274258
224121,44,57148
236825,59,248195
371834,45,66890
175551,69,691546
310374,46,69322
292995,57,218576
95334,99,13036619
223975,51,112021
205316,51,112399
320530,47,80685
196376,41,41603
161819,70,762946
243522,50,101511
272627,25,8000
226250,31,15582
163723,45,66021
403589,9,1000
191288,44,61126
-1,-1
-1,-1
-1,-1
-1,-1
-1,-1
-1,-1
-1,-1
-1,-1
-1,-1
-1,-1
-1,-1
-1,-1
-1,-1
-1,-1
-1,-1
92009,11
-1,-1
-1,-1
-1,-1
-1,-1
-1,-1
-1,-1
-1,-1
-1,-1
-1,-1
-1,-1
-1,-1
-1,-1
-1,-1
-1,-1
-1,-1
-1,-1
-1,-1
-1,-1
-1,-1
-1,-1
-1,-1
-1,-1
-1,-1
-1,-1
-1,-1
-1,-1
-1,-1
-1,-1
-1,-1
-1,-1
-1,-1
-1,-1
-1,-1
-1,-1
-1,-1
-1,-1
-1,-1
-1,-1
97846,17
-1,-1
-1,-1
-1,-1
-1,-1
-1,-1
-1,-1
-1,-1
-1,-1
-1,-1
-1,-1
-1,-1
-1,-1
75468,538
-1,-1
-1,-1
