205047,1329,20778810
169724,70,741325
180494,68,613669
181105,73,1046587
185719,72,982643
199697,66,516799
253662,44,57196
237824,61,330771
362117,50,109468
173000,71,882465
276649,56,187155
257031,66,510412
108816,99,13037079
248915,51,118861
233935,51,112843
235301,62,339776
220415,41,42686
183718,70,763476
261539,51,115218
218214,48,83017
254854,32,16633
188039,47,82407
264378,35,23757
215032,45,64567
-1,-1
-1,-1
-1,-1
-1,-1
-1,-1
-1,-1
-1,-1
-1,-1
-1,-1
-1,-1
198116,1
-1,-1
-1,-1
-1,-1
-1,-1
-1,-1
125236,14
-1,-1
-1,-1
-1,-1
-1,-1
-1,-1
-1,-1
-1,-1
-1,-1
-1,-1
-1,-1
-1,-1
-1,-1
-1,-1
-1,-1
-1,-1
-1,-1
-1,-1
-1,-1
-1,-1
-1,-1
-1,-1
-1,-1
-1,-1
-1,-1
-1,-1
-1,-1
-1,-1
-1,-1
-1,-1
-1,-1
-1,-1
-1,-1
-1,-1
-1,-1
-1,-1
-1,-1
-1,-1
-1,-1
-1,-1
32022,7
-1,-1
-1,-1
-1,-1
95513,50
-1,-1
-1,-1
-1,-1
-1,-1
-1,-1
-1,-1
-1,-1
-1,-1
-1,-1
-1,-1
-1,-1
-1,-1
-1,-1
-1,-1
-1,-1
87431,538
-1,-1
-1,-1
