229587,1329,20778810
190367,70,741325
202089,68,613669
202849,73,1046587
208022,72,982643
222058,66,516799
284096,44,57196
266586,61,330771
397487,50,109468
195274,71,882465
305893,56,187155
282799,66,510412
120476,99,13037079
277451,51,118861
262196,51,112843
267275,62,339776
245645,41,42686
207013,70,763476
292409,51,115218
242789,48,83017
283560,32,16633
217133,47,82407
293171,35,23757
239527,45,64567
-1,-1
-1,-1
-1,-1
-1,-1
-1,-1
-1,-1
-1,-1
-1,-1
-1,-1
-1,-1
216543,1
-1,-1
-1,-1
-1,-1
-1,-1
-1,-1
155574,14
-1,-1
-1,-1
-1,-1
-1,-1
-1,-1
-1,-1
-1,-1
-1,-1
-1,-1
-1,-1
-1,-1
-1,-1
-1,-1
-1,-1
-1,-1
-1,-1
-1,-1
-1,-1
-1,-1
-1,-1
-1,-1
-1,-1
-1,-1
-1,-1
-1,-1
-1,-1
-1,-1
-1,-1
-1,-1
-1,-1
-1,-1
-1,-1
-1,-1
-1,-1
-1,-1
-1,-1
-1,-1
-1,-1
-1,-1
-1,-1
-1,-1
54537,7
-1,-1
-1,-1
-1,-1
112625,50
-1,-1
-1,-1
-1,-1
-1,-1
-1,-1
-1,-1
-1,-1
-1,-1
-1,-1
-1,-1
-1,-1
-1,-1
-1,-1
-1,-1
-1,-1
-1,-1
96677,538
-1,-1
-1,-1
