218919,1210,18105829
228432,60,277096
187829,61,330551
186569,70,789202
206733,67,563188
219069,60,274258
239780,44,57171
253110,59,248273
394170,45,67890
187892,69,721904
277133,54,156203
312882,57,218576
103866,99,13036619
240636,51,113021
221510,51,112399
344717,47,80685
210245,41,41603
174877,70,762950
261478,50,101511
289599,25,8000
241359,32,16582
182732,45,66021
418872,9,1000
206338,44,61126
-1,-1
-1,-1
-1,-1
-1,-1
-1,-1
-1,-1
-1,-1
-1,-1
-1,-1
-1,-1
-1,-1
-1,-1
-1,-1
-1,-1
-1,-1
-1,-1
114280,11
-1,-1
-1,-1
-1,-1
-1,-1
-1,-1
-1,-1
-1,-1
-1,-1
-1,-1
-1,-1
-1,-1
-1,-1
-1,-1
-1,-1
-1,-1
-1,-1
-1,-1
-1,-1
-1,-1
-1,-1
-1,-1
-1,-1
-1,-1
-1,-1
-1,-1
-1,-1
-1,-1
-1,-1
-1,-1
-1,-1
-1,-1
-1,-1
-1,-1
-1,-1
-1,-1
-1,-1
-1,-1
-1,-1
-1,-1
119373,17
-1,-1
-1,-1
-1,-1
-1,-1
-1,-1
-1,-1
-1,-1
-1,-1
-1,-1
-1,-1
-1,-1
-1,-1
-1,-1
-1,-1
-1,-1
82621,538
-1,-1
-1,-1
