295203,1330,20778810
251805,70,741325
265956,68,613669
267983,73,1046587
273505,72,982643
283393,66,516799
363982,44,57196
341374,61,330771
487151,50,109468
250746,71,882465
377281,56,187155
345832,66,510412
141612,99,13037079
352216,51,118861
336457,51,112843
345763,62,339776
310874,41,42686
265335,70,763476
380013,51,115218
306414,48,83017
364917,32,16633
289282,47,82407
372875,35,23757
303118,45,64567
-1,1,0
-1,-1
-1,-1
-1,-1
-1,-1
-1,-1
-1,-1
-1,-1
-1,-1
-1,-1
-1,-1
-1,-1
263466,1
-1,-1
-1,-1
-1,-1
-1,-1
-1,-1
227578,14
-1,-1
-1,-1
-1,-1
-1,-1
-1,-1
-1,-1
-1,-1
-1,-1
-1,0
-1,-1
-1,-1
-1,-1
-1,-1
-1,-1
-1,-1
-1,-1
-1,-1
-1,-1
-1,-1
-1,-1
-1,-1
-1,-1
-1,-1
-1,-1
-1,-1
-1,-1
-1,-1
-1,-1
-1,-1
-1,-1
-1,-1
-1,-1
-1,-1
-1,-1
-1,-1
-1,-1
-1,-1
-1,-1
-1,-1
-1,-1
-1,-1
-1,-1
-1,-1
-1,-1
101798,7
-1,-1
-1,-1
-1,-1
-1,-1
163974,50
-1,-1
-1,-1
-1,-1
-1,-1
-1,-1
-1,-1
-1,-1
-1,-1
-1,-1
-1,-1
-1,-1
-1,-1
-1,-1
-1,-1
-1,-1
-1,-1
-1,-1
114832,538
-1,-1
-1,-1
-1,-1
