214421,1329,20778810
177693,70,741325
188732,68,613669
189205,73,1046587
194201,72,982643
208320,66,516799
265431,44,57196
248845,61,330771
375639,50,109468
181488,71,882465
288479,56,187155
267033,66,510412
113640,99,13037079
259656,51,118861
244671,51,112843
247916,62,339776
230211,41,42686
192139,70,763476
273302,51,115218
227684,48,83017
266123,32,16633
199155,47,82407
275722,35,23757
224789,45,64567
-1,-1
-1,-1
-1,-1
-1,-1
-1,-1
-1,-1
-1,-1
-1,-1
-1,-1
-1,-1
204986,1
-1,-1
-1,-1
-1,-1
-1,-1
-1,-1
136957,14
-1,-1
-1,-1
-1,-1
-1,-1
-1,-1
-1,-1
-1,-1
-1,-1
-1,-1
-1,-1
-1,-1
-1,-1
-1,-1
-1,-1
-1,-1
-1,-1
-1,-1
-1,-1
-1,-1
-1,-1
-1,-1
-1,-1
-1,-1
-1,-1
-1,-1
-1,-1
-1,-1
-1,-1
-1,-1
-1,-1
-1,-1
-1,-1
-1,-1
-1,-1
-1,-1
-1,-1
-1,-1
-1,-1
-1,-1
41596,7
-1,-1
-1,-1
-1,-1
102108,50
-1,-1
-1,-1
-1,-1
-1,-1
-1,-1
-1,-1
-1,-1
-1,-1
-1,-1
-1,-1
-1,-1
-1,-1
-1,-1
-1,-1
-1,-1
91256,538
-1,-1
-1,-1
