218512,1167,16862712
219440,60,277076
247781,48,84651
254216,56,192410
232234,60,283127
210380,60,274258
230002,44,57148
242898,59,248195
380511,45,66890
181902,69,691546
318544,46,69322
300239,57,218576
98610,99,13036619
230187,51,112021
211214,51,112399
329009,47,80685
201522,41,41603
166959,70,762946
250143,50,101511
278886,25,8000
232329,31,15582
170915,45,66021
408561,9,1000
196934,44,61126
-1,-1
-1,-1
-1,-1
-1,-1
-1,-1
-1,-1
-1,-1
-1,-1
-1,-1
-1,-1
-1,-1
-1,-1
-1,-1
-1,-1
-1,-1
-1,-1
100487,11
-1,-1
-1,-1
-1,-1
-1,-1
-1,-1
-1,-1
-1,-1
-1,-1
-1,-1
-1,-1
-1,-1
-1,-1
-1,-1
-1,-1
-1,-1
-1,-1
-1,-1
-1,-1
-1,-1
-1,-1
-1,-1
-1,-1
-1,-1
-1,-1
-1,-1
-1,-1
-1,-1
-1,-1
-1,-1
-1,-1
-1,-1
-1,-1
-1,-1
-1,-1
-1,-1
-1,-1
-1,-1
-1,-1
-1,-1
106291,17
-1,-1
-1,-1
-1,-1
-1,-1
-1,-1
-1,-1
-1,-1
-1,-1
-1,-1
-1,-1
-1,-1
-1,-1
-1,-1
-1,-1
-1,-1
78302,538
-1,-1
-1,-1
