201795,1329,20778810
167047,70,741325
177588,68,613669
178199,73,1046587
182876,72,982643
196732,66,516799
249614,44,57196
234204,61,330771
357470,50,109468
170123,71,882465
272592,56,187155
253724,66,510412
107220,99,13037079
245196,51,118861
230193,51,112843
231332,62,339776
216997,41,42686
181066,70,763476
257186,51,115218
214757,48,83017
250813,32,16633
184387,47,82407
260134,35,23757
211701,45,64567
-1,-1
-1,-1
-1,-1
-1,-1
-1,-1
-1,-1
-1,-1
-1,-1
-1,-1
-1,-1
196180,1
-1,-1
-1,-1
-1,-1
-1,-1
-1,-1
121567,14
-1,-1
-1,-1
-1,-1
-1,-1
-1,-1
-1,-1
-1,-1
-1,-1
-1,-1
-1,-1
-1,-1
-1,-1
-1,-1
-1,-1
-1,-1
-1,-1
-1,-1
-1,-1
-1,-1
-1,-1
-1,-1
-1,-1
-1,-1
-1,-1
-1,-1
-1,-1
-1,-1
-1,-1
-1,-1
-1,-1
-1,-1
-1,-1
-1,-1
-1,-1
-1,-1
-1,-1
-1,-1
-1,-1
-1,-1
28229,7
-1,-1
-1,-1
-1,-1
93258,50
-1,-1
-1,-1
-1,-1
-1,-1
-1,-1
-1,-1
-1,-1
-1,-1
-1,-1
-1,-1
-1,-1
-1,-1
-1,-1
-1,-1
-1,-1
86157,538
-1,-1
-1,-1
