221341,1210,18105829
230903,60,277096
189949,61,330551
188725,70,789202
208998,67,563188
221383,60,274258
242495,44,57171
255762,59,248273
398243,45,67890
190259,69,721904
280186,54,156203
316213,57,218576
105168,99,13036619
243362,51,113021
224038,51,112399
348494,47,80685
212498,41,41603
176772,70,762950
264422,50,101511
292388,25,8000
244047,32,16582
185601,45,66021
421914,9,1000
208834,44,61126
-1,-1
-1,-1
-1,-1
-1,-1
-1,-1
-1,-1
-1,-1
-1,-1
-1,-1
-1,-1
-1,-1
-1,-1
-1,-1
-1,-1
-1,-1
-1,-1
117611,11
-1,-1
-1,-1
-1,-1
-1,-1
-1,-1
-1,-1
-1,-1
-1,-1
-1,-1
-1,-1
-1,-1
-1,-1
-1,-1
-1,-1
-1,-1
-1,-1
-1,-1
-1,-1
-1,-1
-1,-1
-1,-1
-1,-1
-1,-1
-1,-1
-1,-1
-1,-1
-1,-1
-1,-1
-1,-1
-1,-1
-1,-1
-1,-1
-1,-1
-1,-1
-1,-1
-1,-1
-1,-1
-1,-1
-1,-1
-1,-1
122523,17
-1,-1
-1,-1
-1,-1
-1,-1
-1,-1
-1,-1
-1,-1
-1,-1
-1,-1
-1,-1
-1,-1
-1,-1
-1,-1
-1,-1
-1,-1
83687,538
-1,-1
-1,-1
