229650,1329,20778810
190410,70,741325
202140,68,613669
202903,73,1046587
208068,72,982643
222101,66,516799
284139,44,57196
266648,61,330771
397549,50,109468
195319,71,882465
305944,56,187155
282851,66,510412
120496,99,13037079
277507,51,118861
262254,51,112843
267352,62,339776
245700,41,42686
207052,70,763476
292471,51,115218
242837,48,83017
283629,32,16633
217198,47,82407
293236,35,23757
239563,45,64567
-1,-1
-1,-1
-1,-1
-1,-1
-1,-1
-1,-1
-1,-1
-1,-1
-1,-1
-1,-1
216594,1
-1,-1
-1,-1
-1,-1
-1,-1
-1,-1
155655,14
-1,-1
-1,-1
-1,-1
-1,-1
-1,-1
-1,-1
-1,-1
-1,-1
-1,-1
-1,-1
-1,-1
-1,-1
-1,-1
-1,-1
-1,-1
-1,-1
-1,-1
-1,-1
-1,-1
-1,-1
-1,-1
-1,-1
-1,-1
-1,-1
-1,-1
-1,-1
-1,-1
-1,-1
-1,-1
-1,-1
-1,-1
-1,-1
-1,-1
-1,-1
-1,-1
-1,-1
-1,-1
-1,-1
-1,-1
-1,-1
-1,-1
54582,7
-1,-1
-1,-1
-1,-1
112663,50
-1,-1
-1,-1
-1,-1
-1,-1
-1,-1
-1,-1
-1,-1
-1,-1
-1,-1
-1,-1
-1,-1
-1,-1
-1,-1
-1,-1
-1,-1
-1,-1
96697,538
-1,-1
-1,-1
