224392,1329,20778810
185983,70,741325
197500,68,613669
198137,73,1046587
203222,72,982643
217209,66,516799
277765,44,57196
260479,61,330771
390060,50,109468
190490,71,882465
300004,56,187155
277467,66,510412
118009,99,13037079
271392,51,118861
256046,51,112843
260560,62,339776
240456,41,42686
201972,70,763476
285973,51,115218
237563,48,83017
277634,32,16633
210732,47,82407
287324,35,23757
234568,45,64567
-1,-1
-1,-1
-1,-1
-1,-1
-1,-1
-1,-1
-1,-1
-1,-1
-1,-1
-1,-1
212643,1
-1,-1
-1,-1
-1,-1
-1,-1
-1,-1
148870,14
-1,-1
-1,-1
-1,-1
-1,-1
-1,-1
-1,-1
-1,-1
-1,-1
-1,-1
-1,-1
-1,-1
-1,-1
-1,-1
-1,-1
-1,-1
-1,-1
-1,-1
-1,-1
-1,-1
-1,-1
-1,-1
-1,-1
-1,-1
-1,-1
-1,-1
-1,-1
-1,-1
-1,-1
-1,-1
-1,-1
-1,-1
-1,-1
-1,-1
-1,-1
-1,-1
-1,-1
-1,-1
-1,-1
-1,-1
-1,-1
-1,-1
50433,7
-1,-1
-1,-1
-1,-1
109160,50
-1,-1
-1,-1
-1,-1
-1,-1
-1,-1
-1,-1
-1,-1
-1,-1
-1,-1
-1,-1
-1,-1
-1,-1
-1,-1
-1,-1
-1,-1
-1,-1
94723,538
-1,-1
-1,-1
