224039,1167,16862712
224572,60,277076
253431,48,84651
259894,56,192410
237609,60,283127
215336,60,274258
235579,44,57148
248752,59,248195
388891,45,66890
187199,69,691546
326348,46,69322
307387,57,218576
101653,99,13036619
237267,51,112021
217140,51,112399
338523,47,80685
206511,41,41603
171516,70,762946
256596,50,101511
285052,25,8000
238309,31,15582
177915,45,66021
414130,9,1000
202271,44,61126
-1,-1
-1,-1
-1,-1
-1,-1
-1,-1
-1,-1
-1,-1
-1,-1
-1,-1
-1,-1
-1,-1
-1,-1
-1,-1
-1,-1
-1,-1
-1,-1
108668,11
-1,-1
-1,-1
-1,-1
-1,-1
-1,-1
-1,-1
-1,-1
-1,-1
-1,-1
-1,-1
-1,-1
-1,-1
-1,-1
-1,-1
-1,-1
-1,-1
-1,-1
-1,-1
-1,-1
-1,-1
-1,-1
-1,-1
-1,-1
-1,-1
-1,-1
-1,-1
-1,-1
-1,-1
-1,-1
-1,-1
-1,-1
-1,-1
-1,-1
-1,-1
-1,-1
-1,-1
-1,-1
-1,-1
-1,-1
113867,17
-1,-1
-1,-1
-1,-1
-1,-1
-1,-1
-1,-1
-1,-1
-1,-1
-1,-1
-1,-1
-1,-1
-1,-1
-1,-1
-1,-1
-1,-1
80816,538
-1,-1
-1,-1
