224380,1329,20778810
185981,70,741325
197494,68,613669
198124,73,1046587
203216,72,982643
217202,66,516799
277755,44,57196
260465,61,330771
390049,50,109468
190482,71,882465
299997,56,187155
277463,66,510412
118011,99,13037079
271383,51,118861
256036,51,112843
260551,62,339776
240453,41,42686
201966,70,763476
285968,51,115218
237556,48,83017
277622,32,16633
210733,47,82407
287308,35,23757
234565,45,64567
-1,-1
-1,-1
-1,-1
-1,-1
-1,-1
-1,-1
-1,-1
-1,-1
-1,-1
-1,-1
212639,1
-1,-1
-1,-1
-1,-1
-1,-1
-1,-1
148871,14
-1,-1
-1,-1
-1,-1
-1,-1
-1,-1
-1,-1
-1,-1
-1,-1
-1,-1
-1,-1
-1,-1
-1,-1
-1,-1
-1,-1
-1,-1
-1,-1
-1,-1
-1,-1
-1,-1
-1,-1
-1,-1
-1,-1
-1,-1
-1,-1
-1,-1
-1,-1
-1,-1
-1,-1
-1,-1
-1,-1
-1,-1
-1,-1
-1,-1
-1,-1
-1,-1
-1,-1
-1,-1
-1,-1
-1,-1
-1,-1
-1,-1
50426,7
-1,-1
-1,-1
-1,-1
109154,50
-1,-1
-1,-1
-1,-1
-1,-1
-1,-1
-1,-1
-1,-1
-1,-1
-1,-1
-1,-1
-1,-1
-1,-1
-1,-1
-1,-1
-1,-1
-1,-1
94722,538
-1,-1
-1,-1
